Sample	0	1	2	3	4	5	6	7	8	9	10	11	12	13	14	15
SRR22223232_1	(1.0, 23.380684030627545)	(2.0, 12.68350072125469)	(3.0, 7.98460189535994)	(4.0, 5.364090813330553)	(5.0, 3.8750721431595267)	(6.0, 3.02655055533699)	(7.0, 2.317201003277453)	(8.0, 1.8930693598873856)	(9.0, 1.5600632247374795)	('>10', 17.21540798732133)	('>50', 4.8977860945545)	('>100', 8.942864062544079)	('>500', 2.7169785862859506)	('>1k', 3.438744897427709)	('>5k', 0.4418496048534297)	('>10k+', 0.2615350200414178)
SRR22223232_2	(1.0, 24.47271017450619)	(2.0, 11.777036692717473)	(3.0, 7.664633694340744)	(4.0, 5.163525252630924)	(5.0, 3.7385134709778423)	(6.0, 2.8522107541275323)	(7.0, 2.2678112538096724)	(8.0, 1.8383057313953537)	(9.0, 1.5432725649296457)	('>10', 16.378031882532817)	('>50', 4.742079156906627)	('>100', 9.132277077343028)	('>500', 3.2789413393980076)	('>1k', 4.068266599888464)	('>5k', 0.5632766566278457)	('>10k+', 0.5191076978676887)
SRR22223233_1	(1.0, 21.94390528508967)	(2.0, 12.112214181333524)	(3.0, 7.5098164739212745)	(4.0, 5.207800151172126)	(5.0, 3.8014811484768063)	(6.0, 2.9871565854064706)	(7.0, 2.3710812583841965)	(8.0, 1.9300629476040239)	(9.0, 1.6693913358593548)	('>10', 17.567298376333333)	('>50', 4.78930629428714)	('>100', 8.74469626594761)	('>500', 3.0778545694653197)	('>1k', 4.941008495929654)	('>5k', 0.5997862360219061)	('>10k+', 0.7471403947676486)
SRR22223233_2	(1.0, 24.793388040741554)	(2.0, 11.585449091705543)	(3.0, 7.512280643824313)	(4.0, 5.002491471462317)	(5.0, 3.7127927835010057)	(6.0, 2.8126242273795334)	(7.0, 2.1946239642511607)	(8.0, 1.7854618598007972)	(9.0, 1.5012470857492852)	('>10', 16.02447144472401)	('>50', 4.384536606728989)	('>100', 8.613571426503457)	('>500', 3.4112973117662397)	('>1k', 5.039317298142659)	('>5k', 0.612319367745011)	('>10k+', 1.014127375974063)
SRR22223234_1	(1.0, 22.27121395964855)	(2.0, 12.274258197845777)	(3.0, 7.9185665811977985)	(4.0, 5.19012593495714)	(5.0, 3.7875864590547024)	(6.0, 2.933586382000012)	(7.0, 2.3738789987091002)	(8.0, 1.931504314343255)	(9.0, 1.5750816059520396)	('>10', 17.388642933954284)	('>50', 4.9144725460574055)	('>100', 9.114938289604167)	('>500', 3.1316917681768435)	('>1k', 4.283871884585328)	('>5k', 0.4875689993321798)	('>10k+', 0.4230111445815102)
SRR22223234_2	(1.0, 24.24793390369609)	(2.0, 11.43351244045887)	(3.0, 7.434804293355287)	(4.0, 5.18380681096696)	(5.0, 3.7347512721984644)	(6.0, 2.824528239550801)	(7.0, 2.2419019074939905)	(8.0, 1.8901803508675648)	(9.0, 1.5037740076359105)	('>10', 16.42962182526175)	('>50', 4.625490208639908)	('>100', 9.1115809425344)	('>500', 3.3538018779558776)	('>1k', 4.595980355912781)	('>5k', 0.6649604328791314)	('>10k+', 0.7233711305923557)
SRR22223235_1	(1.0, 22.42492069282187)	(2.0, 12.016414200971017)	(3.0, 7.520591564213425)	(4.0, 5.109360542984395)	(5.0, 3.708858868323941)	(6.0, 2.835905621327226)	(7.0, 2.3134216700842747)	(8.0, 1.9438289954121897)	(9.0, 1.5984449828365321)	('>10', 16.709936071719248)	('>50', 4.670832525720751)	('>100', 8.57697608234749)	('>500', 3.0770925100103934)	('>1k', 5.874667276306034)	('>5k', 0.8933826074527887)	('>10k+', 0.7253657874682543)
SRR22223235_2	(1.0, 24.259962489720536)	(2.0, 11.787683291172769)	(3.0, 7.346945550391523)	(4.0, 5.040302127907547)	(5.0, 3.6101669352778094)	(6.0, 2.8665691373455955)	(7.0, 2.258657010880746)	(8.0, 1.7801288401763136)	(9.0, 1.46580353392581)	('>10', 15.5434368830093)	('>50', 4.29939318655486)	('>100', 8.52636191480874)	('>500', 3.51293633085503)	('>1k', 5.645989052587771)	('>5k', 0.8782732252951708)	('>10k+', 1.177390490090508)
SRR22223236_1	(1.0, 22.47980915712978)	(2.0, 12.110746140448843)	(3.0, 7.638024734871725)	(4.0, 5.378945969496764)	(5.0, 3.73886712136825)	(6.0, 2.9230684728289837)	(7.0, 2.2808188994058805)	(8.0, 1.956134891135403)	(9.0, 1.7119407773303932)	('>10', 17.607092009427987)	('>50', 4.954367505985321)	('>100', 8.88264921532623)	('>500', 2.944556335104138)	('>1k', 4.306005334579998)	('>5k', 0.659182774339047)	('>10k+', 0.42779066122115467)
SRR22223236_2	(1.0, 25.018687817252523)	(2.0, 11.517870373391343)	(3.0, 7.361306966301004)	(4.0, 5.034747466555288)	(5.0, 3.594506543438262)	(6.0, 2.7938382589535333)	(7.0, 2.2045818649515105)	(8.0, 1.8481189963897706)	(9.0, 1.580058901408376)	('>10', 16.25724172496181)	('>50', 4.661709132741009)	('>100', 8.912055401571239)	('>500', 3.2655381703858386)	('>1k', 4.470774554457073)	('>5k', 0.721104604068143)	('>10k+', 0.7578592231731978)
SRR22223237_1	(1.0, 19.74572845942223)	(2.0, 10.49656448955005)	(3.0, 6.3292805006024455)	(4.0, 4.32616328287487)	(5.0, 3.165994742895938)	(6.0, 2.404618007579731)	(7.0, 1.9329341761374246)	(8.0, 1.6063644550087846)	(9.0, 1.3904568997977886)	('>10', 14.381902796311714)	('>50', 4.122023847805161)	('>100', 8.262662043158379)	('>500', 3.4833540431970498)	('>1k', 10.35160249376122)	('>5k', 4.096788696150597)	('>10k+', 3.90356106574665)
SRR22223237_2	(1.0, 21.52989942071519)	(2.0, 9.943947030697089)	(3.0, 6.295762750706999)	(4.0, 4.268142743122011)	(5.0, 3.057995870127446)	(6.0, 2.3612225307036203)	(7.0, 1.8977578018498777)	(8.0, 1.520174178088235)	(9.0, 1.3166821442236862)	('>10', 13.24663781947469)	('>50', 3.8188590567214047)	('>100', 7.6684887962358825)	('>500', 3.869382639390647)	('>1k', 11.20883320307023)	('>5k', 3.3559341344048033)	('>10k+', 4.640279880468229)
SRR22223238_1	(1.0, 21.29345687848627)	(2.0, 11.52752612415153)	(3.0, 7.317649009786595)	(4.0, 4.910415615165453)	(5.0, 3.63872746729779)	(6.0, 2.8151181363722633)	(7.0, 2.300204400317719)	(8.0, 1.8982102338508584)	(9.0, 1.6017922372321889)	('>10', 17.70876582587673)	('>50', 4.976774630554334)	('>100', 8.882487903037116)	('>500', 3.0415522087854687)	('>1k', 5.911743694905527)	('>5k', 0.9777350788655733)	('>10k+', 1.197840555314471)
SRR22223238_2	(1.0, 24.118832406566)	(2.0, 11.209197297544495)	(3.0, 7.228288978329006)	(4.0, 4.9029277979352965)	(5.0, 3.6750257583342347)	(6.0, 2.8454053142755775)	(7.0, 2.2065151251271353)	(8.0, 1.8206601922982866)	(9.0, 1.5148397233317532)	('>10', 15.812444151238337)	('>50', 4.439489599985999)	('>100', 8.415986828680293)	('>500', 3.553771245608231)	('>1k', 5.667829794518007)	('>5k', 0.96661242452587)	('>10k+', 1.6221733617015308)
SRR22223239_1	(1.0, 21.093490723607868)	(2.0, 10.918753281275102)	(3.0, 6.808886162556839)	(4.0, 4.473705184395469)	(5.0, 3.331929995466191)	(6.0, 2.4592770680673195)	(7.0, 2.023394710865099)	(8.0, 1.699885546294333)	(9.0, 1.3756518205105892)	('>10', 15.363261715734689)	('>50', 4.369139514345271)	('>100', 8.310665283123726)	('>500', 3.5173572193833618)	('>1k', 8.994071412312186)	('>5k', 2.983893560127489)	('>10k+', 2.2766368019344174)
SRR22223239_2	(1.0, 23.65153388164549)	(2.0, 10.499228162543535)	(3.0, 6.525288866882442)	(4.0, 4.3385325089203555)	(5.0, 3.2084208162442334)	(6.0, 2.4346712499196106)	(7.0, 1.9308488614614194)	(8.0, 1.6077020429126576)	(9.0, 1.3786582626290225)	('>10', 13.988664647994645)	('>50', 3.816108469026024)	('>100', 8.097805054286226)	('>500', 3.9361637258730835)	('>1k', 9.419305442128683)	('>5k', 1.7691597105247752)	('>10k+', 3.3979082970077186)
SRR22223240_1	(1.0, 21.613170420690313)	(2.0, 11.545581611227453)	(3.0, 7.453955993678209)	(4.0, 4.926059796812752)	(5.0, 3.6493516434284534)	(6.0, 2.94342653963971)	(7.0, 2.2619029967880637)	(8.0, 1.9292178716985267)	(9.0, 1.51130646663094)	('>10', 18.14166955448174)	('>50', 5.483884749612665)	('>100', 10.151631572498781)	('>500', 3.273189414654726)	('>1k', 4.304509674265071)	('>5k', 0.44050914361775756)	('>10k+', 0.3706325502747872)
SRR22223240_2	(1.0, 23.285579060342087)	(2.0, 10.80088176416765)	(3.0, 7.003779070114792)	(4.0, 4.727174978951834)	(5.0, 3.5444964506922765)	(6.0, 2.772227541942549)	(7.0, 2.274376065936509)	(8.0, 1.7781339078860507)	(9.0, 1.5516301391080223)	('>10', 17.23186472652591)	('>50', 5.170866546795966)	('>100', 10.32614419600661)	('>500', 3.523345209971874)	('>1k', 4.699969954604955)	('>5k', 0.623958868406999)	('>10k+', 0.6855715185458475)
SRR22223241_1	(1.0, 20.0086832391171)	(2.0, 10.908306659807634)	(3.0, 6.8442973392400255)	(4.0, 4.496121606329351)	(5.0, 3.083362383577471)	(6.0, 2.3842242819787285)	(7.0, 1.8504265201248957)	(8.0, 1.576120022072328)	(9.0, 1.26000647130904)	('>10', 13.895856950612066)	('>50', 4.2251017885822755)	('>100', 9.026867859000925)	('>500', 4.308077187083941)	('>1k', 10.613196461110737)	('>5k', 3.521120250630675)	('>10k+', 1.9982309794228745)
SRR22223241_2	(1.0, 21.69510908863556)	(2.0, 10.334039764724544)	(3.0, 6.474547828780046)	(4.0, 4.25446436660831)	(5.0, 3.02600758953042)	(6.0, 2.388604942961255)	(7.0, 1.845085156008711)	(8.0, 1.475488274315399)	(9.0, 1.2687138820698383)	('>10', 13.11920453438335)	('>50', 3.8688784260213596)	('>100', 9.456792871316583)	('>500', 4.7330868752661726)	('>1k', 11.117332751903415)	('>5k', 2.956237842060084)	('>10k+', 1.9864058054150722)
SRR22223242_1	(1.0, 19.838322341652987)	(2.0, 10.68384974017535)	(3.0, 6.6103277220862955)	(4.0, 4.395530910833114)	(5.0, 3.1450862599299576)	(6.0, 2.3348582909981195)	(7.0, 1.8502017080050361)	(8.0, 1.506086042858523)	(9.0, 1.2783256889570678)	('>10', 13.74298296356029)	('>50', 4.174772128364623)	('>100', 9.24266165881254)	('>500', 4.673737505640709)	('>1k', 11.242900817331824)	('>5k', 3.384392427068885)	('>10k+', 1.8959637937247538)
SRR22223242_2	(1.0, 21.64968546392323)	(2.0, 10.037965303789345)	(3.0, 6.322988324654749)	(4.0, 4.289099543751394)	(5.0, 3.0559682675013145)	(6.0, 2.188077039997842)	(7.0, 1.8166498162814761)	(8.0, 1.4462552088797411)	(9.0, 1.233677182625199)	('>10', 12.858600638746776)	('>50', 3.8848255328564023)	('>100', 9.665231642586646)	('>500', 5.141339514629672)	('>1k', 11.594539127587627)	('>5k', 3.1259777754284417)	('>10k+', 1.6891196167601443)
SRR22223243_1	(1.0, 20.221303484731386)	(2.0, 10.726468084655034)	(3.0, 6.59179723871354)	(4.0, 4.316109922171055)	(5.0, 3.09628925284286)	(6.0, 2.3126738965777305)	(7.0, 1.8163631377412202)	(8.0, 1.5023928593333908)	(9.0, 1.2688286289009592)	('>10', 13.797696957275027)	('>50', 4.119218864064413)	('>100', 8.861019055693134)	('>500', 4.530837267792776)	('>1k', 11.349109023912538)	('>5k', 3.1184538298098765)	('>10k+', 2.371438495785063)
SRR22223243_2	(1.0, 22.444884714367756)	(2.0, 10.308550526364956)	(3.0, 6.171462450774794)	(4.0, 4.158420406327595)	(5.0, 3.071988104790119)	(6.0, 2.233232452372714)	(7.0, 1.711157200255475)	(8.0, 1.4720755727253552)	(9.0, 1.1690400693950098)	('>10', 12.883549311839989)	('>50', 3.7629459431361103)	('>100', 9.256832621016216)	('>500', 4.816172180467134)	('>1k', 11.897176534231843)	('>5k', 2.6917318772304397)	('>10k+', 1.9507800347044468)
SRR22223244_1	(1.0, 16.56770142391276)	(2.0, 8.29785390457786)	(3.0, 4.87022971775155)	(4.0, 3.148518061457928)	(5.0, 2.215571201084997)	(6.0, 1.593299929224317)	(7.0, 1.3318095208100096)	(8.0, 1.0393745025186552)	(9.0, 0.8918574162781115)	('>10', 9.67104989196684)	('>50', 3.359066430201018)	('>100', 8.877690618742495)	('>500', 5.092036448500398)	('>1k', 15.458417070730476)	('>5k', 6.753551984258889)	('>10k+', 10.831971877983698)
SRR22223244_2	(1.0, 18.251615687860028)	(2.0, 7.972625704572724)	(3.0, 4.768851664144247)	(4.0, 3.1604979754339255)	(5.0, 2.0611053855831583)	(6.0, 1.5581328214227943)	(7.0, 1.240270141869805)	(8.0, 0.9870834413844697)	(9.0, 0.8258440955782722)	('>10', 8.936149436658763)	('>50', 3.1423015969437986)	('>100', 8.872281431512963)	('>500', 5.587874659232287)	('>1k', 15.756395110709539)	('>5k', 7.9087293366760445)	('>10k+', 8.970241510417255)
SRR22223245_1	(1.0, 16.173397192165478)	(2.0, 8.329365070045121)	(3.0, 4.896182198564748)	(4.0, 3.180691185251588)	(5.0, 2.238840576786531)	(6.0, 1.6415403769797772)	(7.0, 1.2997921417658838)	(8.0, 1.0799347005465694)	(9.0, 0.8992914998373245)	('>10', 9.811549280762513)	('>50', 3.4135884047252123)	('>100', 9.03650282600776)	('>500', 4.903307962446955)	('>1k', 15.544668409504474)	('>5k', 7.183361740865153)	('>10k+', 10.3679864337449)
SRR22223245_2	(1.0, 18.082091803288247)	(2.0, 8.134565866113945)	(3.0, 4.813965269737143)	(4.0, 3.089850424114782)	(5.0, 2.154539177326289)	(6.0, 1.6382824727229282)	(7.0, 1.2235806406753025)	(8.0, 1.0124543412040743)	(9.0, 0.8357250933495289)	('>10', 9.079640332532236)	('>50', 3.1489165195441924)	('>100', 8.843100303305038)	('>500', 5.4897631341521205)	('>1k', 16.24579633419992)	('>5k', 7.467186340246203)	('>10k+', 8.74054194748813)
SRR22223246_1	(1.0, 15.983008820319878)	(2.0, 8.457019604457019)	(3.0, 5.046147520343504)	(4.0, 3.356044954288504)	(5.0, 2.2907640131500977)	(6.0, 1.7709208016621114)	(7.0, 1.4178591296048153)	(8.0, 1.1596837438747936)	(9.0, 0.9779035088541218)	('>10', 11.058203485860663)	('>50', 3.72145128803545)	('>100', 8.840236484285136)	('>500', 4.46952749243903)	('>1k', 13.104162661100066)	('>5k', 6.000374543346365)	('>10k+', 12.346691948378421)
SRR22223246_2	(1.0, 18.190553135255787)	(2.0, 8.215095455653273)	(3.0, 5.003264559432542)	(4.0, 3.290878941033043)	(5.0, 2.2314440074942157)	(6.0, 1.7494334604171786)	(7.0, 1.3540905919998425)	(8.0, 1.0424129260346768)	(9.0, 0.940554389047534)	('>10', 10.274940610048604)	('>50', 3.482145747121927)	('>100', 8.605607259208039)	('>500', 4.804432933291891)	('>1k', 13.62292438278693)	('>5k', 7.262312366404979)	('>10k+', 9.92990923476954)
SRR22223247_1	(1.0, 14.810596208279994)	(2.0, 7.718699663805456)	(3.0, 4.440089439303538)	(4.0, 2.86719752776375)	(5.0, 1.9532500276056388)	(6.0, 1.4347299452420286)	(7.0, 1.1627069800609386)	(8.0, 0.9706408573494865)	(9.0, 0.7923947299640685)	('>10', 10.126268186703575)	('>50', 3.5825612106965754)	('>100', 8.451129061833845)	('>500', 4.064449825877068)	('>1k', 11.094044470123052)	('>5k', 4.980666990775648)	('>10k+', 21.550574874615133)
SRR22223247_2	(1.0, 15.75477217185731)	(2.0, 7.33717961962954)	(3.0, 4.415877294849109)	(4.0, 2.7802933381911745)	(5.0, 1.9843300849512742)	(6.0, 1.4212277242838525)	(7.0, 1.1535139079321788)	(8.0, 0.9451298808447725)	(9.0, 0.8527779363218666)	('>10', 9.641304111959405)	('>50', 3.421928568453598)	('>100', 8.227688930864813)	('>500', 3.9960142350794037)	('>1k', 11.575640552975383)	('>5k', 6.0716619202334146)	('>10k+', 20.420659721573053)
SRR22223248_1	(1.0, 14.10260272232203)	(2.0, 8.008037669422151)	(3.0, 4.780898989823111)	(4.0, 2.9456457049635913)	(5.0, 1.9847227196244024)	(6.0, 1.4422151948530146)	(7.0, 1.1512290526790707)	(8.0, 0.9126814375058964)	(9.0, 0.8350954734080006)	('>10', 9.661188935322752)	('>50', 3.539329052032556)	('>100', 8.172737872239535)	('>500', 3.962988567199541)	('>1k', 11.069440463652844)	('>5k', 4.822106974057695)	('>10k+', 22.609079170893764)
SRR22223248_2	(1.0, 15.678035962228149)	(2.0, 7.734552776367401)	(3.0, 4.595269897925097)	(4.0, 2.9380590087141134)	(5.0, 1.9897094236239847)	(6.0, 1.4627232754656236)	(7.0, 1.1270264577348466)	(8.0, 0.9259142048297894)	(9.0, 0.7560054827944651)	('>10', 9.28137627596977)	('>50', 3.2058183661418536)	('>100', 7.74860812888121)	('>500', 4.073998091389782)	('>1k', 11.420130210130436)	('>5k', 5.679131381110829)	('>10k+', 21.383641056692603)
SRR22223249_1	(1.0, 13.529368355323177)	(2.0, 6.718860207654799)	(3.0, 3.828774124608847)	(4.0, 2.552634440493037)	(5.0, 1.6726646063127368)	(6.0, 1.3251642766570675)	(7.0, 1.043488675391115)	(8.0, 0.8607500758775964)	(9.0, 0.7412289187961665)	('>10', 8.024186464656065)	('>50', 2.6707712937916726)	('>100', 7.2697379412773255)	('>500', 4.442656507979911)	('>1k', 15.539744758230906)	('>5k', 8.645349430213072)	('>10k+', 21.134619922736526)
SRR22223249_2	(1.0, 15.79460937513878)	(2.0, 6.5392756601455035)	(3.0, 3.8497820524950543)	(4.0, 2.4719979039429916)	(5.0, 1.7419721113168134)	(6.0, 1.3477148048433303)	(7.0, 1.0354101525347816)	(8.0, 0.8055623328094917)	(9.0, 0.6977597701433605)	('>10', 6.98398793505329)	('>50', 2.2678917388189808)	('>100', 7.130493731376076)	('>500', 4.598989930680587)	('>1k', 16.714404330882893)	('>5k', 8.859229821484364)	('>10k+', 19.160918348333677)
SRR22223250_1	(1.0, 15.526451817104887)	(2.0, 8.066843655647709)	(3.0, 4.919770587729059)	(4.0, 3.1416942526502054)	(5.0, 2.1966216343412417)	(6.0, 1.7318034707826626)	(7.0, 1.3376294026729743)	(8.0, 1.1569132919264)	(9.0, 0.9440974799671783)	('>10', 11.485225692875932)	('>50', 4.0337397911402295)	('>100', 9.422761872485077)	('>500', 4.162057737867795)	('>1k', 10.751687904418034)	('>5k', 4.859114391397411)	('>10k+', 16.263587016993235)
SRR22223250_2	(1.0, 17.3501058541215)	(2.0, 7.687658725704375)	(3.0, 4.692735429571339)	(4.0, 3.097755826787027)	(5.0, 2.200683691066018)	(6.0, 1.671326199331528)	(7.0, 1.3625092025230272)	(8.0, 1.0335261054879465)	(9.0, 0.9295756497341625)	('>10', 11.00852642813234)	('>50', 3.8678596234442484)	('>100', 9.060488206673918)	('>500', 4.160555904629975)	('>1k', 11.10053234430533)	('>5k', 7.186141104362363)	('>10k+', 13.590019704124822)
SRR22223251_1	(1.0, 14.364919354783744)	(2.0, 6.889402855747223)	(3.0, 4.24132847016867)	(4.0, 2.8484731112631767)	(5.0, 2.0363648964508365)	(6.0, 1.6316476348129494)	(7.0, 1.2962817013466088)	(8.0, 1.048813367566084)	(9.0, 0.8565840341209401)	('>10', 10.151763338673682)	('>50', 3.4620410148630056)	('>100', 8.46905659355588)	('>500', 4.231185483363263)	('>1k', 12.682950130996149)	('>5k', 6.618039077426376)	('>10k+', 19.171148934861463)
SRR22223251_2	(1.0, 17.032919378145824)	(2.0, 6.798780146202518)	(3.0, 4.126001073051077)	(4.0, 2.8012324286786194)	(5.0, 1.9917700213645668)	(6.0, 1.55200265706673)	(7.0, 1.2288331545634354)	(8.0, 0.9667718665174031)	(9.0, 0.85268018568171)	('>10', 9.30363557721426)	('>50', 3.073621141747487)	('>100', 8.232598016273075)	('>500', 4.304219058726951)	('>1k', 13.41984795159454)	('>5k', 6.247727705187582)	('>10k+', 18.067359637984307)
SRR22223252_1	(1.0, 15.7883357469433)	(2.0, 8.296784008353955)	(3.0, 4.8433138176064086)	(4.0, 3.1400342919475626)	(5.0, 2.220398335058607)	(6.0, 1.6169338904248791)	(7.0, 1.3860886520535667)	(8.0, 1.0983515867152338)	(9.0, 0.9116140310508806)	('>10', 11.401388158529238)	('>50', 4.024412111781548)	('>100', 9.17167929688357)	('>500', 4.059599726707068)	('>1k', 10.266759154137654)	('>5k', 5.228533268681718)	('>10k+', 16.54577392312483)
SRR22223252_2	(1.0, 17.137877369856966)	(2.0, 7.887263820774653)	(3.0, 4.728354253676762)	(4.0, 3.1116047959697846)	(5.0, 2.22542468746469)	(6.0, 1.662855355636502)	(7.0, 1.3586383017217003)	(8.0, 1.0792020587387365)	(9.0, 0.9052222809855397)	('>10', 10.844259397278297)	('>50', 3.8017085920143363)	('>100', 8.97032176520677)	('>500', 3.928277266213106)	('>1k', 10.896844297516468)	('>5k', 6.136194827166895)	('>10k+', 15.325950929778864)
SRR22223253_1	(1.0, 18.00268900106887)	(2.0, 9.612841445354734)	(3.0, 5.849184439006106)	(4.0, 3.9644790140054877)	(5.0, 2.8376397030898497)	(6.0, 2.182159653600063)	(7.0, 1.8396761976948048)	(8.0, 1.463013493382935)	(9.0, 1.2509592081912768)	('>10', 15.01695499265081)	('>50', 4.846552329437341)	('>100', 10.947632381385446)	('>500', 4.714695075770662)	('>1k', 11.140109658396018)	('>5k', 3.6991050043392195)	('>10k+', 2.6323084026264754)
SRR22223253_2	(1.0, 20.343562688239256)	(2.0, 9.09435485170007)	(3.0, 5.753331306450676)	(4.0, 3.8974633230887736)	(5.0, 2.8464008685526627)	(6.0, 2.101095704833193)	(7.0, 1.746459827921763)	(8.0, 1.4224418921411441)	(9.0, 1.2500545269191583)	('>10', 13.91514621654414)	('>50', 4.406551507875682)	('>100', 10.277825794786082)	('>500', 5.099075113924694)	('>1k', 12.124804054936975)	('>5k', 3.1639040590205543)	('>10k+', 2.5575282630651217)
SRR22223254_1	(1.0, 19.244608802431006)	(2.0, 10.137933851665364)	(3.0, 6.463254617539843)	(4.0, 4.286901444306681)	(5.0, 3.1954496451188272)	(6.0, 2.3880184827263844)	(7.0, 1.95675189336558)	(8.0, 1.5772475103159753)	(9.0, 1.422369004063743)	('>10', 15.882513957690936)	('>50', 5.237331281603437)	('>100', 11.2435376581048)	('>500', 4.8509040463836035)	('>1k', 9.169920131316644)	('>5k', 1.885623424289944)	('>10k+', 1.057634249077101)
SRR22223254_2	(1.0, 20.47379808274299)	(2.0, 9.803922635242149)	(3.0, 6.148110548144038)	(4.0, 4.299646708288836)	(5.0, 3.1202616721200322)	(6.0, 2.309156500037889)	(7.0, 1.9082857070346206)	(8.0, 1.564397594872013)	(9.0, 1.3046492247431052)	('>10', 15.045741804380134)	('>50', 5.016397112643818)	('>100', 11.131767242566372)	('>500', 5.123825079501835)	('>1k', 9.83604019925894)	('>5k', 1.8395809746022163)	('>10k+', 1.0744189138210625)
SRR22223255_1	(1.0, 15.202070248999986)	(2.0, 7.350643726598211)	(3.0, 4.097228938375997)	(4.0, 2.6317080237583728)	(5.0, 1.8469588723616859)	(6.0, 1.3892340822984712)	(7.0, 1.141242341519527)	(8.0, 0.94465702893655)	(9.0, 0.8045985026758252)	('>10', 10.383487153124333)	('>50', 3.9830374578839276)	('>100', 10.470903048910818)	('>500', 5.359315581475074)	('>1k', 17.006649645336864)	('>5k', 8.208722801315522)	('>10k+', 9.179542546428827)
SRR22223255_2	(1.0, 17.734910203183123)	(2.0, 7.2457980173512615)	(3.0, 4.08051666122324)	(4.0, 2.6836232346115594)	(5.0, 1.8153858468174289)	(6.0, 1.3919078393433861)	(7.0, 1.148246617383446)	(8.0, 0.9315604464888491)	(9.0, 0.8410087984334138)	('>10', 9.330629197165226)	('>50', 3.333996318815327)	('>100', 8.562957149808238)	('>500', 5.494858431674386)	('>1k', 19.102798977296164)	('>5k', 7.9359749515581015)	('>10k+', 8.365827308846727)
SRR22223256_1	(1.0, 20.578087515687578)	(2.0, 10.663004575839146)	(3.0, 6.444056698471669)	(4.0, 4.25067584544592)	(5.0, 3.063183847404747)	(6.0, 2.3478349367972555)	(7.0, 1.8845532517765624)	(8.0, 1.5902503772028038)	(9.0, 1.3031199145182097)	('>10', 14.278507630096662)	('>50', 4.373701194256406)	('>100', 8.847285501564253)	('>500', 3.7601948316116407)	('>1k', 10.265531095184164)	('>5k', 3.643610026639104)	('>10k+', 2.7064027575038456)
SRR22223256_2	(1.0, 22.304255599034477)	(2.0, 10.176841982638988)	(3.0, 6.142977945995992)	(4.0, 4.146249562867486)	(5.0, 3.0001558231359424)	(6.0, 2.238015706515758)	(7.0, 1.7783692865563785)	(8.0, 1.529506789539528)	(9.0, 1.2834915087025225)	('>10', 13.527603972756522)	('>50', 4.01923512830881)	('>100', 8.33539728444704)	('>500', 4.2365423528362545)	('>1k', 11.028619140691374)	('>5k', 2.8306280701838804)	('>10k+', 3.422109845789051)
SRR22223257_1	(1.0, 19.05864793316033)	(2.0, 10.57300694620054)	(3.0, 6.649036380641293)	(4.0, 4.343415013046059)	(5.0, 3.115312930721547)	(6.0, 2.34631259099946)	(7.0, 1.9575705604082474)	(8.0, 1.5943428004740985)	(9.0, 1.396394438523698)	('>10', 17.089437093658518)	('>50', 5.6814416683076)	('>100', 12.297511004364281)	('>500', 4.923032438173907)	('>1k', 7.458837304937912)	('>5k', 1.0139677667156164)	('>10k+', 0.5017331296669011)
SRR22223257_2	(1.0, 21.146757996701535)	(2.0, 9.896993736603736)	(3.0, 6.342910091062043)	(4.0, 4.300167546024808)	(5.0, 3.070629568192259)	(6.0, 2.3727240639227922)	(7.0, 1.8975497186825445)	(8.0, 1.5958049783682575)	(9.0, 1.293552947269386)	('>10', 16.19537508730804)	('>50', 5.452775095290245)	('>100', 12.369741542869141)	('>500', 4.821468746261297)	('>1k', 7.474220409234725)	('>5k', 1.0631192897273738)	('>10k+', 0.7062091824818558)
SRR22223258_1	(1.0, 21.732512685389583)	(2.0, 11.105105190137788)	(3.0, 6.7409141430959245)	(4.0, 4.413267890328452)	(5.0, 3.087923777010716)	(6.0, 2.377719247696023)	(7.0, 1.9064958497686963)	(8.0, 1.529678664314412)	(9.0, 1.418630083951523)	('>10', 16.027642885201203)	('>50', 5.069946485659999)	('>100', 10.386727447236938)	('>500', 4.153791259745107)	('>1k', 8.105369982565419)	('>5k', 1.1088412048804603)	('>10k+', 0.8354332030178385)
SRR22223258_2	(1.0, 23.18113449554429)	(2.0, 10.698950200881429)	(3.0, 6.4730656303358876)	(4.0, 4.290757493363031)	(5.0, 3.1566067001219325)	(6.0, 2.382595556093572)	(7.0, 1.918245831601826)	(8.0, 1.576648631890749)	(9.0, 1.3166996183917656)	('>10', 14.917921202632634)	('>50', 4.7721043580584865)	('>100', 10.360157699917627)	('>500', 4.599167439940144)	('>1k', 7.9570803668662675)	('>5k', 0.9427346815912616)	('>10k+', 1.4561300927690217)
SRR22223259_1	(1.0, 16.750308737387307)	(2.0, 9.139726205617288)	(3.0, 5.815863302081456)	(4.0, 3.92666677292622)	(5.0, 2.764933804139192)	(6.0, 2.200018896289073)	(7.0, 1.759677737022123)	(8.0, 1.5209255433162903)	(9.0, 1.295769248929402)	('>10', 16.22674550198805)	('>50', 5.633294799566545)	('>100', 12.360655344686439)	('>500', 5.009024118528977)	('>1k', 11.228719866481992)	('>5k', 2.7921133011388846)	('>10k+', 1.5755568199008911)
SRR22223259_2	(1.0, 19.134972644449878)	(2.0, 8.573973987158169)	(3.0, 5.51688367947269)	(4.0, 3.814120495525787)	(5.0, 2.686297253449295)	(6.0, 2.1461012292725132)	(7.0, 1.7647651131486413)	(8.0, 1.489780048735157)	(9.0, 1.19809576754017)	('>10', 15.270295013329946)	('>50', 5.236283722819934)	('>100', 11.830402895825296)	('>500', 5.408396928795722)	('>1k', 11.18949995992719)	('>5k', 2.7419330469839944)	('>10k+', 1.998198213565638)
SRR22223260_1	(1.0, 16.628290471621877)	(2.0, 9.584187233470253)	(3.0, 6.000429572328633)	(4.0, 4.004015909175876)	(5.0, 2.9672281508728395)	(6.0, 2.351490472208499)	(7.0, 1.8333991662931444)	(8.0, 1.5373316049342374)	(9.0, 1.317584146869537)	('>10', 16.30042440040956)	('>50', 5.5593941471692245)	('>100', 11.759872021795687)	('>500', 4.7780863634659365)	('>1k', 10.8231674308174)	('>5k', 2.798576674463998)	('>10k+', 1.7565222341032953)
SRR22223260_2	(1.0, 17.906229227171615)	(2.0, 8.932941573541395)	(3.0, 5.83486883457181)	(4.0, 3.9690963801228216)	(5.0, 2.882850377996931)	(6.0, 2.1633070603424724)	(7.0, 1.8919711551032958)	(8.0, 1.5042019012668806)	(9.0, 1.3302746075794025)	('>10', 15.787399387855505)	('>50', 5.129896975821299)	('>100', 11.501991987115556)	('>500', 5.158814790559994)	('>1k', 10.878887007307526)	('>5k', 2.79595045291161)	('>10k+', 2.331318280731665)
SRR22223261_1	(1.0, 18.271543594553467)	(2.0, 9.199102773083641)	(3.0, 5.726290567923962)	(4.0, 3.877318964855361)	(5.0, 2.944833814512117)	(6.0, 2.26470323689492)	(7.0, 1.860042008664455)	(8.0, 1.5802662801717702)	(9.0, 1.3698005895166092)	('>10', 16.22723356757224)	('>50', 4.916433766465265)	('>100', 10.143881923567086)	('>500', 4.1722812865657986)	('>1k', 9.713913049449825)	('>5k', 3.3379877663976183)	('>10k+', 4.394366809805907)
SRR22223261_2	(1.0, 21.138870757456466)	(2.0, 8.70927081361483)	(3.0, 5.438128906474612)	(4.0, 3.8739955764190324)	(5.0, 2.8296077936086754)	(6.0, 2.308428541069581)	(7.0, 1.8601742524506266)	(8.0, 1.5764434554636841)	(9.0, 1.3268802158075457)	('>10', 15.0211761262586)	('>50', 4.371643929135349)	('>100', 9.363069745412583)	('>500', 4.408620394937352)	('>1k', 10.452087266640847)	('>5k', 3.006356375695188)	('>10k+', 4.3152458495550015)
SRR22223262_1	(1.0, 18.52450891437874)	(2.0, 9.791612559456043)	(3.0, 6.274868606550966)	(4.0, 4.319371752056286)	(5.0, 3.2394081021647656)	(6.0, 2.5225097458057273)	(7.0, 2.0417596745689974)	(8.0, 1.7348309586143222)	(9.0, 1.5061483980774626)	('>10', 17.778504927001634)	('>50', 5.847312493551233)	('>100', 11.940758949397921)	('>500', 4.630598156940008)	('>1k', 7.990904246924649)	('>5k', 1.3082556105391985)	('>10k+', 0.5486469039720122)
SRR22223262_2	(1.0, 20.051989327426572)	(2.0, 9.332393652359777)	(3.0, 6.124272439289038)	(4.0, 4.282760830170256)	(5.0, 3.091009606058714)	(6.0, 2.48825172467446)	(7.0, 2.10035748698481)	(8.0, 1.682611522264656)	(9.0, 1.4871763672023304)	('>10', 16.887709052805654)	('>50', 5.469307390170909)	('>100', 11.95596627097307)	('>500', 4.830574509288704)	('>1k', 8.036505782196121)	('>5k', 1.1796059338518525)	('>10k+', 0.9995081042830207)
SRR22223263_1	(1.0, 20.012905970732607)	(2.0, 10.333452865430697)	(3.0, 6.572311933907887)	(4.0, 4.612440843566707)	(5.0, 3.557279447437864)	(6.0, 2.850282651299876)	(7.0, 2.349281188823904)	(8.0, 2.0828414784258373)	(9.0, 1.7310578579360045)	('>10', 21.490743158069545)	('>50', 6.844751049032539)	('>100', 12.156266355458472)	('>500', 3.003421257339521)	('>1k', 1.9439861019300415)	('>5k', 0.07560151151545025)	('>10k+', 0.38337632909308555)
SRR22223263_2	(1.0, 18.801285971491716)	(2.0, 9.886954159885471)	(3.0, 6.499112843210636)	(4.0, 4.821209463398516)	(5.0, 3.5908321990205057)	(6.0, 2.8719027421053975)	(7.0, 2.4235505865774836)	(8.0, 2.062487794533683)	(9.0, 1.7875739987531163)	('>10', 21.72944789107658)	('>50', 7.07368359684875)	('>100', 12.584426958386425)	('>500', 3.0850640412438928)	('>1k', 2.6716370652087376)	('>5k', 0.11083068825906689)	('>10k+', 0.0)
SRR22223264_1	(1.0, 18.520821692576288)	(2.0, 10.254375545046766)	(3.0, 6.6051003027804365)	(4.0, 4.423002489443119)	(5.0, 3.267459756744362)	(6.0, 2.5035222239922517)	(7.0, 2.022514851390551)	(8.0, 1.7630940697417763)	(9.0, 1.4281253037162571)	('>10', 17.935636145524654)	('>50', 5.891163087004038)	('>100', 12.759605601975931)	('>500', 4.7709186476451055)	('>1k', 6.6654000095348955)	('>5k', 0.728740229533101)	('>10k+', 0.4605200433506284)
SRR22223264_2	(1.0, 19.876143844135967)	(2.0, 9.477544196015431)	(3.0, 6.344709163973611)	(4.0, 4.378890968064135)	(5.0, 3.276861134480317)	(6.0, 2.5096663233812535)	(7.0, 2.0405685892233763)	(8.0, 1.6637129237159618)	(9.0, 1.4110114701137875)	('>10', 16.96354724716433)	('>50', 5.881489763812379)	('>100', 13.073449847907845)	('>500', 4.782353772183256)	('>1k', 6.77400774710679)	('>5k', 1.0138018427212685)	('>10k+', 0.5322411660002344)
