Sample	fastqc-percent_duplicates	fastqc-percent_gc	fastqc-avg_sequence_length	fastqc-median_sequence_length	fastqc-percent_fails	fastqc-total_sequences
SRR22223232_1	63.17985910089494	50.0	147.4574973590402	151	18.181818181818183	20.223708
SRR22223232_2	62.815868919943156	51.0	147.53691083751804	151	9.090909090909092	20.223708
SRR22223233_1	65.07396673341145	50.0	146.6901530157319	151	18.181818181818183	20.662712
SRR22223233_2	62.735403823048536	51.0	146.82580534442914	151	9.090909090909092	20.662712
SRR22223234_1	64.56009885667356	50.0	146.4686871769642	151	18.181818181818183	20.622909
SRR22223234_2	63.2885113374134	51.0	146.5753064710706	151	9.090909090909092	20.622909
SRR22223235_1	64.76187802612418	50.0	145.21204656893792	151	18.181818181818183	20.801591
SRR22223235_2	63.24473022322996	51.0	145.30572945117515	151	9.090909090909092	20.801591
SRR22223236_1	64.47715155653324	50.0	147.8337311520403	151	18.181818181818183	19.943338999999998
SRR22223236_2	62.58530678830305	51.0	147.90084137866785	151	9.090909090909092	19.943338999999998
SRR22223237_1	69.24442775987264	51.0	147.28347883359643	151	18.181818181818183	25.889872999999998
SRR22223237_2	67.87798823086902	52.0	147.35365998125985	151	9.090909090909092	25.889872999999998
SRR22223238_1	66.22760835757461	50.0	148.01228898336754	151	18.181818181818183	20.636288
SRR22223238_2	63.72837957239387	51.0	148.0692856195843	151	9.090909090909092	20.636288
SRR22223239_1	67.36202834497973	51.0	147.28255359103923	151	18.181818181818183	21.098209999999998
SRR22223239_2	65.27930007643388	52.0	147.36506817402994	151	9.090909090909092	21.098209999999998
SRR22223240_1	65.81163450089767	50.0	147.29705775530095	151	18.181818181818183	19.793629
SRR22223240_2	64.82514565962994	51.0	147.3340946725838	151	9.090909090909092	19.793629
SRR22223241_1	68.62878163043098	49.0	147.01285950750437	151	18.181818181818183	21.831706999999998
SRR22223241_2	67.48057355337909	49.0	147.0814737940556	151	9.090909090909092	21.831706999999998
SRR22223242_1	69.0250454142053	49.0	147.15271371477272	151	18.181818181818183	21.547363999999998
SRR22223242_2	67.77054842360376	49.0	147.26461348125923	151	9.090909090909092	21.547363999999998
SRR22223243_1	68.67152341533722	49.0	147.3503255794185	151	18.181818181818183	21.739857
SRR22223243_2	66.93534044887448	49.0	147.43669698471336	151	9.090909090909092	21.739857
SRR22223244_1	75.11427986699955	48.0	146.48873004557475	151	18.181818181818183	21.295339
SRR22223244_2	73.72642878312763	48.0	146.55112055271815	151	9.090909090909092	21.295339
SRR22223245_1	75.45204658151552	48.0	147.80007429842212	151	18.181818181818183	20.859123999999998
SRR22223245_2	73.77941215752189	48.0	147.85262545061815	151	9.090909090909092	20.859123999999998
SRR22223246_1	75.34632607301175	48.0	147.71899630411713	151	18.181818181818183	20.532035999999998
SRR22223246_2	73.37918796521484	49.0	147.78718389155367	151	9.090909090909092	20.532035999999998
SRR22223247_1	77.4837956137773	47.0	144.48933617376815	151	18.181818181818183	21.277963
SRR22223247_2	76.77563427128467	48.0	144.76256434885238	151	27.27272727272727	21.277963
SRR22223248_1	77.93818079547763	48.0	143.50103787589367	151	18.181818181818183	22.466559
SRR22223248_2	76.59053764433081	48.0	143.8859232515313	151	27.27272727272727	22.466559
SRR22223249_1	79.77197677192052	49.0	146.7221076743637	151	18.181818181818183	52.765912
SRR22223249_2	77.66471687082475	49.0	146.81001042870253	151	9.090909090909092	52.765912
SRR22223250_1	76.1160272770457	48.0	146.07832310536142	151	18.181818181818183	21.173471
SRR22223250_2	74.6202294121183	48.0	146.2765358121963	151	9.090909090909092	21.173471
SRR22223251_1	78.3180090321707	48.0	144.03456470880457	151	18.181818181818183	43.069479
SRR22223251_2	75.83877144660552	48.0	144.42211049267627	151	9.090909090909092	43.069479
SRR22223252_1	75.7892307680959	48.0	145.50605418081156	151	18.181818181818183	21.915433999999998
SRR22223252_2	74.71942480147524	48.0	145.71616336687651	151	9.090909090909092	21.915433999999998
SRR22223253_1	71.7793105460157	50.0	145.6521239269075	151	18.181818181818183	33.471019999999996
SRR22223253_2	69.84844323215594	50.0	145.9762233717407	151	9.090909090909092	33.471019999999996
SRR22223254_1	69.78323483644449	50.0	146.53715579618716	151	18.181818181818183	21.220820999999997
SRR22223254_2	68.91867944799482	50.0	146.64588363475664	151	9.090909090909092	21.220820999999997
SRR22223255_1	77.45277843664682	51.0	143.5950655662333	151	9.090909090909092	34.584799
SRR22223255_2	75.0350877976154	52.0	144.01403512566316	151	9.090909090909092	34.584799
SRR22223256_1	68.35492573859085	51.0	146.1520480933011	151	9.090909090909092	22.701041
SRR22223256_2	67.10292600117756	52.0	146.3029660181663	151	9.090909090909092	22.701041
SRR22223257_1	69.63534899798881	50.0	145.85810750777432	151	18.181818181818183	21.316969999999998
SRR22223257_2	68.07351995921721	51.0	146.06559952000683	151	9.090909090909092	21.316969999999998
SRR22223258_1	66.72312267719101	51.0	146.01407892561872	151	18.181818181818183	17.538057
SRR22223258_2	65.64545146698266	51.0	146.11752333796156	151	9.090909090909092	17.538057
SRR22223259_1	73.23783069861918	52.0	144.56698651370297	151	18.181818181818183	26.160109
SRR22223259_2	71.35198314358657	52.0	144.80898669038422	151	9.090909090909092	26.160109
SRR22223260_1	72.96908885160559	51.0	144.7875970469861	151	18.181818181818183	27.973048
SRR22223260_2	72.15568825334296	51.0	144.99600776433087	151	9.090909090909092	27.973048
SRR22223261_1	71.65215356638981	50.0	146.43194790809935	151	18.181818181818183	49.016141999999995
SRR22223261_2	69.21621311238555	51.0	146.5962447840142	151	9.090909090909092	49.016141999999995
SRR22223262_1	70.54354574278014	51.0	146.705915896385	151	18.181818181818183	23.134178
SRR22223262_2	69.39743934053334	51.0	146.83848719414192	151	9.090909090909092	23.134178
SRR22223263_1	68.17560230435532	48.0	144.57418774204453	151	18.181818181818183	25.097137999999998
SRR22223263_2	69.53746266031698	49.0	144.8991172220514	151	9.090909090909092	25.097137999999998
SRR22223264_1	70.18347420048349	50.0	145.5325111667653	151	18.181818181818183	20.511983
SRR22223264_2	69.37179310641126	50.0	145.72747101048202	151	9.090909090909092	20.511983
