Sample	0	1	2	3	4	5	6	7	8	9	10	11	12	13	14	15	16	17	18	19	20	21	22	23	24	25	26	27	28	29	30	31	32	33
SRR27961772_1	(15.0, 1.0)	(16.0, 14.0)	(17.0, 91.0)	(18.0, 395.0)	(19.0, 1012.0)	(20.0, 2221.0)	(21.0, 4274.0)	(22.0, 7298.0)	(23.0, 12084.0)	(24.0, 18767.0)	(25.0, 28264.0)	(26.0, 40625.0)	(27.0, 57653.0)	(28.0, 78830.0)	(29.0, 103533.0)	(30.0, 131400.0)	(31.0, 167411.0)	(32.0, 218149.0)	(33.0, 323884.0)	(34.0, 681914.0)	(35.0, 8787401.0)													
SRR27961772_2	(2.0, 130.0)	(3.0, 73.0)	(4.0, 68.0)	(5.0, 64.0)	(6.0, 64.0)	(7.0, 70.0)	(8.0, 65.0)	(9.0, 100.0)	(10.0, 92.0)	(11.0, 91.0)	(12.0, 102.0)	(13.0, 92.0)	(14.0, 1173.0)	(15.0, 10140.0)	(16.0, 36187.0)	(17.0, 42641.0)	(18.0, 21138.0)	(19.0, 12479.0)	(20.0, 11088.0)	(21.0, 12067.0)	(22.0, 14406.0)	(23.0, 18571.0)	(24.0, 24761.0)	(25.0, 33572.0)	(26.0, 45587.0)	(27.0, 59439.0)	(28.0, 76356.0)	(29.0, 97672.0)	(30.0, 123765.0)	(31.0, 158490.0)	(32.0, 211682.0)	(33.0, 322920.0)	(34.0, 689838.0)	(35.0, 8640238.0)
SRR27961773_1	(15.0, 3.0)	(16.0, 6.0)	(17.0, 97.0)	(18.0, 384.0)	(19.0, 1159.0)	(20.0, 2669.0)	(21.0, 5081.0)	(22.0, 8846.0)	(23.0, 13283.0)	(24.0, 18817.0)	(25.0, 25878.0)	(26.0, 35594.0)	(27.0, 49096.0)	(28.0, 66123.0)	(29.0, 87640.0)	(30.0, 114564.0)	(31.0, 149091.0)	(32.0, 200950.0)	(33.0, 310491.0)	(34.0, 686754.0)	(35.0, 8652539.0)													
SRR27961773_2	(2.0, 154.0)	(3.0, 65.0)	(4.0, 79.0)	(5.0, 63.0)	(6.0, 48.0)	(7.0, 67.0)	(8.0, 77.0)	(9.0, 119.0)	(10.0, 112.0)	(11.0, 92.0)	(12.0, 83.0)	(13.0, 111.0)	(14.0, 1103.0)	(15.0, 8966.0)	(16.0, 32335.0)	(17.0, 37690.0)	(18.0, 18777.0)	(19.0, 12031.0)	(20.0, 11402.0)	(21.0, 12705.0)	(22.0, 15451.0)	(23.0, 20129.0)	(24.0, 26388.0)	(25.0, 34305.0)	(26.0, 44138.0)	(27.0, 56775.0)	(28.0, 72736.0)	(29.0, 91663.0)	(30.0, 116021.0)	(31.0, 149103.0)	(32.0, 202660.0)	(33.0, 313885.0)	(34.0, 705519.0)	(35.0, 8444213.0)
SRR27961774_1	(16.0, 6.0)	(17.0, 59.0)	(18.0, 310.0)	(19.0, 804.0)	(20.0, 2021.0)	(21.0, 3893.0)	(22.0, 6689.0)	(23.0, 10344.0)	(24.0, 15458.0)	(25.0, 22197.0)	(26.0, 31905.0)	(27.0, 43946.0)	(28.0, 59030.0)	(29.0, 78555.0)	(30.0, 102126.0)	(31.0, 133714.0)	(32.0, 183435.0)	(33.0, 283657.0)	(34.0, 628927.0)	(35.0, 7994407.0)														
SRR27961774_2	(2.0, 141.0)	(3.0, 61.0)	(4.0, 62.0)	(5.0, 62.0)	(6.0, 52.0)	(7.0, 43.0)	(8.0, 71.0)	(9.0, 91.0)	(10.0, 67.0)	(11.0, 75.0)	(12.0, 80.0)	(13.0, 92.0)	(14.0, 994.0)	(15.0, 7949.0)	(16.0, 26108.0)	(17.0, 29296.0)	(18.0, 15338.0)	(19.0, 10272.0)	(20.0, 9392.0)	(21.0, 10636.0)	(22.0, 13222.0)	(23.0, 17878.0)	(24.0, 23539.0)	(25.0, 31354.0)	(26.0, 41209.0)	(27.0, 53644.0)	(28.0, 67859.0)	(29.0, 86809.0)	(30.0, 109372.0)	(31.0, 141947.0)	(32.0, 194665.0)	(33.0, 306859.0)	(34.0, 705933.0)	(35.0, 7696311.0)
SRR27961775_1	(15.0, 1.0)	(16.0, 10.0)	(17.0, 121.0)	(18.0, 400.0)	(19.0, 1142.0)	(20.0, 2406.0)	(21.0, 4211.0)	(22.0, 6785.0)	(23.0, 10621.0)	(24.0, 16037.0)	(25.0, 24312.0)	(26.0, 35501.0)	(27.0, 50967.0)	(28.0, 70270.0)	(29.0, 92894.0)	(30.0, 119902.0)	(31.0, 154641.0)	(32.0, 205225.0)	(33.0, 311553.0)	(34.0, 693384.0)	(35.0, 9041081.0)													
SRR27961775_2	(2.0, 133.0)	(3.0, 59.0)	(4.0, 54.0)	(5.0, 60.0)	(6.0, 63.0)	(7.0, 68.0)	(8.0, 77.0)	(9.0, 99.0)	(10.0, 97.0)	(11.0, 100.0)	(12.0, 97.0)	(13.0, 128.0)	(14.0, 1145.0)	(15.0, 7105.0)	(16.0, 21777.0)	(17.0, 24619.0)	(18.0, 14908.0)	(19.0, 11226.0)	(20.0, 11290.0)	(21.0, 12566.0)	(22.0, 15475.0)	(23.0, 20234.0)	(24.0, 27186.0)	(25.0, 37242.0)	(26.0, 49722.0)	(27.0, 64804.0)	(28.0, 82890.0)	(29.0, 105230.0)	(30.0, 133690.0)	(31.0, 171922.0)	(32.0, 236890.0)	(33.0, 376843.0)	(34.0, 864261.0)	(35.0, 8549404.0)
SRR27961776_1	(15.0, 3.0)	(16.0, 8.0)	(17.0, 52.0)	(18.0, 243.0)	(19.0, 613.0)	(20.0, 1504.0)	(21.0, 3122.0)	(22.0, 5996.0)	(23.0, 10313.0)	(24.0, 17139.0)	(25.0, 27143.0)	(26.0, 41171.0)	(27.0, 59100.0)	(28.0, 80095.0)	(29.0, 106044.0)	(30.0, 138779.0)	(31.0, 184165.0)	(32.0, 262960.0)	(33.0, 442520.0)	(34.0, 981665.0)	(35.0, 10321131.0)													
SRR27961776_2	(2.0, 182.0)	(3.0, 86.0)	(4.0, 70.0)	(5.0, 78.0)	(6.0, 68.0)	(7.0, 94.0)	(8.0, 104.0)	(9.0, 96.0)	(10.0, 125.0)	(11.0, 122.0)	(12.0, 127.0)	(13.0, 157.0)	(14.0, 3213.0)	(15.0, 37887.0)	(16.0, 152394.0)	(17.0, 172765.0)	(18.0, 67463.0)	(19.0, 24668.0)	(20.0, 16466.0)	(21.0, 14574.0)	(22.0, 16060.0)	(23.0, 20447.0)	(24.0, 27617.0)	(25.0, 37812.0)	(26.0, 50546.0)	(27.0, 66740.0)	(28.0, 85624.0)	(29.0, 109604.0)	(30.0, 138030.0)	(31.0, 176736.0)	(32.0, 237905.0)	(33.0, 367665.0)	(34.0, 823404.0)	(35.0, 10034837.0)
SRR27961777_1	(15.0, 2.0)	(16.0, 15.0)	(17.0, 127.0)	(18.0, 553.0)	(19.0, 1488.0)	(20.0, 3247.0)	(21.0, 5229.0)	(22.0, 8432.0)	(23.0, 12324.0)	(24.0, 17448.0)	(25.0, 24928.0)	(26.0, 35294.0)	(27.0, 48904.0)	(28.0, 65992.0)	(29.0, 88017.0)	(30.0, 113510.0)	(31.0, 147605.0)	(32.0, 201191.0)	(33.0, 314817.0)	(34.0, 713697.0)	(35.0, 9100103.0)													
SRR27961777_2	(2.0, 123.0)	(3.0, 76.0)	(4.0, 74.0)	(5.0, 75.0)	(6.0, 47.0)	(7.0, 65.0)	(8.0, 70.0)	(9.0, 108.0)	(10.0, 110.0)	(11.0, 79.0)	(12.0, 97.0)	(13.0, 102.0)	(14.0, 1010.0)	(15.0, 5958.0)	(16.0, 17825.0)	(17.0, 20898.0)	(18.0, 13743.0)	(19.0, 11953.0)	(20.0, 11966.0)	(21.0, 13467.0)	(22.0, 16310.0)	(23.0, 20633.0)	(24.0, 27435.0)	(25.0, 36518.0)	(26.0, 46897.0)	(27.0, 61292.0)	(28.0, 78121.0)	(29.0, 98917.0)	(30.0, 124373.0)	(31.0, 159861.0)	(32.0, 216580.0)	(33.0, 337855.0)	(34.0, 761696.0)	(35.0, 8818589.0)
SRR27961778_1	(15.0, 2.0)	(16.0, 10.0)	(17.0, 91.0)	(18.0, 321.0)	(19.0, 950.0)	(20.0, 2112.0)	(21.0, 3893.0)	(22.0, 6528.0)	(23.0, 10252.0)	(24.0, 15923.0)	(25.0, 24645.0)	(26.0, 36360.0)	(27.0, 52472.0)	(28.0, 71893.0)	(29.0, 96740.0)	(30.0, 127726.0)	(31.0, 168112.0)	(32.0, 228680.0)	(33.0, 357638.0)	(34.0, 820842.0)	(35.0, 10026952.0)													
SRR27961778_2	(2.0, 147.0)	(3.0, 68.0)	(4.0, 70.0)	(5.0, 65.0)	(6.0, 64.0)	(7.0, 50.0)	(8.0, 71.0)	(9.0, 105.0)	(10.0, 94.0)	(11.0, 115.0)	(12.0, 104.0)	(13.0, 120.0)	(14.0, 1258.0)	(15.0, 10234.0)	(16.0, 36733.0)	(17.0, 43435.0)	(18.0, 21715.0)	(19.0, 13126.0)	(20.0, 11711.0)	(21.0, 12620.0)	(22.0, 15202.0)	(23.0, 19904.0)	(24.0, 26846.0)	(25.0, 36717.0)	(26.0, 49621.0)	(27.0, 65737.0)	(28.0, 84271.0)	(29.0, 107524.0)	(30.0, 134976.0)	(31.0, 174944.0)	(32.0, 237622.0)	(33.0, 375173.0)	(34.0, 858867.0)	(35.0, 9712833.0)
SRR27961779_1	(15.0, 1.0)	(16.0, 17.0)	(17.0, 52.0)	(18.0, 264.0)	(19.0, 796.0)	(20.0, 1862.0)	(21.0, 3492.0)	(22.0, 5981.0)	(23.0, 9655.0)	(24.0, 15486.0)	(25.0, 24093.0)	(26.0, 36837.0)	(27.0, 52857.0)	(28.0, 73542.0)	(29.0, 98526.0)	(30.0, 130649.0)	(31.0, 176102.0)	(32.0, 249967.0)	(33.0, 412284.0)	(34.0, 900299.0)	(35.0, 8612793.0)													
SRR27961779_2	(2.0, 124.0)	(3.0, 52.0)	(4.0, 66.0)	(5.0, 69.0)	(6.0, 70.0)	(7.0, 73.0)	(8.0, 76.0)	(9.0, 106.0)	(10.0, 112.0)	(11.0, 87.0)	(12.0, 102.0)	(13.0, 98.0)	(14.0, 1944.0)	(15.0, 14778.0)	(16.0, 36932.0)	(17.0, 45135.0)	(18.0, 36364.0)	(19.0, 27089.0)	(20.0, 21507.0)	(21.0, 18918.0)	(22.0, 19947.0)	(23.0, 24540.0)	(24.0, 32688.0)	(25.0, 44958.0)	(26.0, 61202.0)	(27.0, 80862.0)	(28.0, 105778.0)	(29.0, 138910.0)	(30.0, 183132.0)	(31.0, 252067.0)	(32.0, 374158.0)	(33.0, 642925.0)	(34.0, 1465274.0)	(35.0, 7175412.0)
SRR27961780_1	(15.0, 2.0)	(16.0, 23.0)	(17.0, 196.0)	(18.0, 820.0)	(19.0, 2075.0)	(20.0, 4269.0)	(21.0, 6711.0)	(22.0, 10083.0)	(23.0, 14884.0)	(24.0, 21391.0)	(25.0, 30964.0)	(26.0, 47291.0)	(27.0, 74911.0)	(28.0, 110040.0)	(29.0, 129968.0)	(30.0, 127652.0)	(31.0, 145237.0)	(32.0, 191998.0)	(33.0, 291238.0)	(34.0, 635698.0)	(35.0, 9306009.0)													
SRR27961780_2	(2.0, 155.0)	(3.0, 72.0)	(4.0, 70.0)	(5.0, 64.0)	(6.0, 63.0)	(7.0, 73.0)	(8.0, 84.0)	(9.0, 100.0)	(10.0, 99.0)	(11.0, 106.0)	(12.0, 103.0)	(13.0, 126.0)	(14.0, 2032.0)	(15.0, 17143.0)	(16.0, 61322.0)	(17.0, 71032.0)	(18.0, 35839.0)	(19.0, 22461.0)	(20.0, 20121.0)	(21.0, 19471.0)	(22.0, 20127.0)	(23.0, 22883.0)	(24.0, 27800.0)	(25.0, 35964.0)	(26.0, 46551.0)	(27.0, 60492.0)	(28.0, 76974.0)	(29.0, 97580.0)	(30.0, 122983.0)	(31.0, 157298.0)	(32.0, 210452.0)	(33.0, 319669.0)	(34.0, 695651.0)	(35.0, 9006500.0)
SRR27961781_1	(16.0, 17.0)	(17.0, 118.0)	(18.0, 405.0)	(19.0, 1145.0)	(20.0, 2585.0)	(21.0, 4668.0)	(22.0, 8086.0)	(23.0, 13138.0)	(24.0, 19736.0)	(25.0, 31703.0)	(26.0, 60403.0)	(27.0, 69618.0)	(28.0, 68848.0)	(29.0, 89569.0)	(30.0, 115240.0)	(31.0, 149312.0)	(32.0, 203246.0)	(33.0, 316166.0)	(34.0, 719193.0)	(35.0, 9344292.0)														
SRR27961781_2	(2.0, 147.0)	(3.0, 68.0)	(4.0, 56.0)	(5.0, 80.0)	(6.0, 65.0)	(7.0, 63.0)	(8.0, 88.0)	(9.0, 100.0)	(10.0, 112.0)	(11.0, 101.0)	(12.0, 98.0)	(13.0, 106.0)	(14.0, 1044.0)	(15.0, 7376.0)	(16.0, 24359.0)	(17.0, 29116.0)	(18.0, 16348.0)	(19.0, 11384.0)	(20.0, 11244.0)	(21.0, 12138.0)	(22.0, 14965.0)	(23.0, 19433.0)	(24.0, 26063.0)	(25.0, 35298.0)	(26.0, 47100.0)	(27.0, 61607.0)	(28.0, 79039.0)	(29.0, 100624.0)	(30.0, 127306.0)	(31.0, 163323.0)	(32.0, 219082.0)	(33.0, 335825.0)	(34.0, 734133.0)	(35.0, 9139597.0)
SRR27961782_1	(15.0, 1.0)	(16.0, 20.0)	(17.0, 113.0)	(18.0, 435.0)	(19.0, 1423.0)	(20.0, 3155.0)	(21.0, 5956.0)	(22.0, 10214.0)	(23.0, 15043.0)	(24.0, 19914.0)	(25.0, 26094.0)	(26.0, 34841.0)	(27.0, 46206.0)	(28.0, 60316.0)	(29.0, 78522.0)	(30.0, 101342.0)	(31.0, 130703.0)	(32.0, 178852.0)	(33.0, 285473.0)	(34.0, 629682.0)	(35.0, 8182042.0)													
SRR27961782_2	(2.0, 104.0)	(3.0, 68.0)	(4.0, 63.0)	(5.0, 66.0)	(6.0, 57.0)	(7.0, 65.0)	(8.0, 74.0)	(9.0, 86.0)	(10.0, 87.0)	(11.0, 71.0)	(12.0, 82.0)	(13.0, 93.0)	(14.0, 1031.0)	(15.0, 6685.0)	(16.0, 20937.0)	(17.0, 24626.0)	(18.0, 14789.0)	(19.0, 11402.0)	(20.0, 11588.0)	(21.0, 13056.0)	(22.0, 16513.0)	(23.0, 21346.0)	(24.0, 27383.0)	(25.0, 34994.0)	(26.0, 43699.0)	(27.0, 54868.0)	(28.0, 68591.0)	(29.0, 86960.0)	(30.0, 108174.0)	(31.0, 139421.0)	(32.0, 187165.0)	(33.0, 286066.0)	(34.0, 637207.0)	(35.0, 7992930.0)
SRR27961783_1	(14.0, 1.0)	(15.0, 1.0)	(16.0, 12.0)	(17.0, 81.0)	(18.0, 366.0)	(19.0, 1200.0)	(20.0, 3176.0)	(21.0, 6858.0)	(22.0, 12002.0)	(23.0, 16988.0)	(24.0, 20524.0)	(25.0, 24198.0)	(26.0, 29693.0)	(27.0, 38043.0)	(28.0, 49613.0)	(29.0, 64160.0)	(30.0, 82426.0)	(31.0, 110267.0)	(32.0, 154404.0)	(33.0, 257403.0)	(34.0, 588867.0)	(35.0, 6666032.0)												
SRR27961783_2	(2.0, 121.0)	(3.0, 46.0)	(4.0, 45.0)	(5.0, 54.0)	(6.0, 40.0)	(7.0, 51.0)	(8.0, 61.0)	(9.0, 72.0)	(10.0, 68.0)	(11.0, 73.0)	(12.0, 63.0)	(13.0, 100.0)	(14.0, 1055.0)	(15.0, 8093.0)	(16.0, 27907.0)	(17.0, 32412.0)	(18.0, 16341.0)	(19.0, 10535.0)	(20.0, 10604.0)	(21.0, 12906.0)	(22.0, 17314.0)	(23.0, 22393.0)	(24.0, 27790.0)	(25.0, 33937.0)	(26.0, 40754.0)	(27.0, 48898.0)	(28.0, 59759.0)	(29.0, 74327.0)	(30.0, 92800.0)	(31.0, 120387.0)	(32.0, 163681.0)	(33.0, 258110.0)	(34.0, 593533.0)	(35.0, 6451985.0)
SRR27961784_1	(16.0, 11.0)	(17.0, 26.0)	(18.0, 150.0)	(19.0, 396.0)	(20.0, 1030.0)	(21.0, 2116.0)	(22.0, 4030.0)	(23.0, 7041.0)	(24.0, 11750.0)	(25.0, 18107.0)	(26.0, 27845.0)	(27.0, 40069.0)	(28.0, 54832.0)	(29.0, 73547.0)	(30.0, 95699.0)	(31.0, 125966.0)	(32.0, 172004.0)	(33.0, 271868.0)	(34.0, 621404.0)	(35.0, 7653620.0)														
SRR27961784_2	(2.0, 125.0)	(3.0, 45.0)	(4.0, 59.0)	(5.0, 62.0)	(6.0, 36.0)	(7.0, 62.0)	(8.0, 67.0)	(9.0, 101.0)	(10.0, 95.0)	(11.0, 60.0)	(12.0, 75.0)	(13.0, 95.0)	(14.0, 667.0)	(15.0, 3539.0)	(16.0, 9005.0)	(17.0, 10130.0)	(18.0, 6749.0)	(19.0, 5959.0)	(20.0, 6229.0)	(21.0, 7436.0)	(22.0, 9671.0)	(23.0, 13678.0)	(24.0, 19199.0)	(25.0, 27162.0)	(26.0, 37245.0)	(27.0, 50127.0)	(28.0, 65258.0)	(29.0, 83132.0)	(30.0, 106175.0)	(31.0, 137823.0)	(32.0, 188837.0)	(33.0, 295510.0)	(34.0, 668083.0)	(35.0, 7429015.0)
SRR27961785_1	(13.0, 1.0)	(14.0, 0.0)	(15.0, 1.0)	(16.0, 16.0)	(17.0, 89.0)	(18.0, 411.0)	(19.0, 1165.0)	(20.0, 2296.0)	(21.0, 3881.0)	(22.0, 5949.0)	(23.0, 8379.0)	(24.0, 12536.0)	(25.0, 18168.0)	(26.0, 26651.0)	(27.0, 37692.0)	(28.0, 50650.0)	(29.0, 67003.0)	(30.0, 86867.0)	(31.0, 112680.0)	(32.0, 154430.0)	(33.0, 241820.0)	(34.0, 545560.0)	(35.0, 7210225.0)											
SRR27961785_2	(2.0, 103.0)	(3.0, 46.0)	(4.0, 50.0)	(5.0, 43.0)	(6.0, 41.0)	(7.0, 53.0)	(8.0, 71.0)	(9.0, 65.0)	(10.0, 70.0)	(11.0, 69.0)	(12.0, 66.0)	(13.0, 72.0)	(14.0, 754.0)	(15.0, 3724.0)	(16.0, 10046.0)	(17.0, 12269.0)	(18.0, 9298.0)	(19.0, 8393.0)	(20.0, 8787.0)	(21.0, 9675.0)	(22.0, 11733.0)	(23.0, 15028.0)	(24.0, 19872.0)	(25.0, 27160.0)	(26.0, 35494.0)	(27.0, 46785.0)	(28.0, 60192.0)	(29.0, 76232.0)	(30.0, 96278.0)	(31.0, 123193.0)	(32.0, 165733.0)	(33.0, 254947.0)	(34.0, 563290.0)	(35.0, 7026838.0)
SRR27961786_1	(14.0, 1.0)	(15.0, 1.0)	(16.0, 14.0)	(17.0, 77.0)	(18.0, 413.0)	(19.0, 1178.0)	(20.0, 2421.0)	(21.0, 4257.0)	(22.0, 7161.0)	(23.0, 11091.0)	(24.0, 16707.0)	(25.0, 24632.0)	(26.0, 36227.0)	(27.0, 53508.0)	(28.0, 78669.0)	(29.0, 108175.0)	(30.0, 128374.0)	(31.0, 144707.0)	(32.0, 176045.0)	(33.0, 258118.0)	(34.0, 576674.0)	(35.0, 7101731.0)												
SRR27961786_2	(2.0, 116.0)	(3.0, 50.0)	(4.0, 70.0)	(5.0, 53.0)	(6.0, 40.0)	(7.0, 52.0)	(8.0, 61.0)	(9.0, 71.0)	(10.0, 68.0)	(11.0, 76.0)	(12.0, 83.0)	(13.0, 91.0)	(14.0, 1258.0)	(15.0, 15176.0)	(16.0, 59905.0)	(17.0, 66802.0)	(18.0, 28947.0)	(19.0, 14232.0)	(20.0, 11024.0)	(21.0, 10974.0)	(22.0, 12292.0)	(23.0, 15681.0)	(24.0, 20535.0)	(25.0, 27233.0)	(26.0, 36169.0)	(27.0, 48019.0)	(28.0, 61736.0)	(29.0, 79076.0)	(30.0, 100636.0)	(31.0, 130153.0)	(32.0, 175039.0)	(33.0, 268898.0)	(34.0, 593947.0)	(35.0, 6951618.0)
SRR27961787_1	(14.0, 1.0)	(15.0, 0.0)	(16.0, 18.0)	(17.0, 97.0)	(18.0, 427.0)	(19.0, 1176.0)	(20.0, 2453.0)	(21.0, 4190.0)	(22.0, 6912.0)	(23.0, 10629.0)	(24.0, 15712.0)	(25.0, 23543.0)	(26.0, 34072.0)	(27.0, 48463.0)	(28.0, 65642.0)	(29.0, 87274.0)	(30.0, 114183.0)	(31.0, 151521.0)	(32.0, 212260.0)	(33.0, 340272.0)	(34.0, 752694.0)	(35.0, 8777331.0)												
SRR27961787_2	(2.0, 132.0)	(3.0, 63.0)	(4.0, 68.0)	(5.0, 83.0)	(6.0, 55.0)	(7.0, 71.0)	(8.0, 68.0)	(9.0, 104.0)	(10.0, 82.0)	(11.0, 90.0)	(12.0, 97.0)	(13.0, 123.0)	(14.0, 1699.0)	(15.0, 16727.0)	(16.0, 57635.0)	(17.0, 61580.0)	(18.0, 30898.0)	(19.0, 20172.0)	(20.0, 17756.0)	(21.0, 17483.0)	(22.0, 18825.0)	(23.0, 22500.0)	(24.0, 28333.0)	(25.0, 36911.0)	(26.0, 48165.0)	(27.0, 61497.0)	(28.0, 79112.0)	(29.0, 99507.0)	(30.0, 126271.0)	(31.0, 163371.0)	(32.0, 224139.0)	(33.0, 356505.0)	(34.0, 829893.0)	(35.0, 8328855.0)
SRR27961788_1	(16.0, 8.0)	(17.0, 120.0)	(18.0, 468.0)	(19.0, 1194.0)	(20.0, 2450.0)	(21.0, 4095.0)	(22.0, 6462.0)	(23.0, 9790.0)	(24.0, 14673.0)	(25.0, 22279.0)	(26.0, 32731.0)	(27.0, 46440.0)	(28.0, 64733.0)	(29.0, 86288.0)	(30.0, 109142.0)	(31.0, 138162.0)	(32.0, 185904.0)	(33.0, 289000.0)	(34.0, 660144.0)	(35.0, 8825938.0)														
SRR27961788_2	(2.0, 137.0)	(3.0, 60.0)	(4.0, 81.0)	(5.0, 59.0)	(6.0, 41.0)	(7.0, 62.0)	(8.0, 79.0)	(9.0, 83.0)	(10.0, 90.0)	(11.0, 81.0)	(12.0, 100.0)	(13.0, 102.0)	(14.0, 898.0)	(15.0, 4584.0)	(16.0, 12945.0)	(17.0, 15785.0)	(18.0, 11405.0)	(19.0, 10183.0)	(20.0, 10690.0)	(21.0, 11615.0)	(22.0, 13877.0)	(23.0, 17642.0)	(24.0, 23380.0)	(25.0, 31912.0)	(26.0, 42678.0)	(27.0, 55996.0)	(28.0, 72729.0)	(29.0, 92807.0)	(30.0, 116474.0)	(31.0, 149102.0)	(32.0, 200302.0)	(33.0, 308119.0)	(34.0, 677881.0)	(35.0, 8618042.0)
SRR27961789_1	(15.0, 1.0)	(16.0, 12.0)	(17.0, 77.0)	(18.0, 337.0)	(19.0, 975.0)	(20.0, 2042.0)	(21.0, 3642.0)	(22.0, 5845.0)	(23.0, 9431.0)	(24.0, 13702.0)	(25.0, 20757.0)	(26.0, 30396.0)	(27.0, 43129.0)	(28.0, 58793.0)	(29.0, 78261.0)	(30.0, 101467.0)	(31.0, 132855.0)	(32.0, 181805.0)	(33.0, 286976.0)	(34.0, 647572.0)	(35.0, 8520953.0)													
SRR27961789_2	(2.0, 119.0)	(3.0, 53.0)	(4.0, 56.0)	(5.0, 69.0)	(6.0, 47.0)	(7.0, 58.0)	(8.0, 68.0)	(9.0, 86.0)	(10.0, 93.0)	(11.0, 81.0)	(12.0, 92.0)	(13.0, 100.0)	(14.0, 740.0)	(15.0, 4080.0)	(16.0, 10446.0)	(17.0, 12713.0)	(18.0, 9517.0)	(19.0, 8627.0)	(20.0, 9009.0)	(21.0, 10507.0)	(22.0, 12676.0)	(23.0, 16187.0)	(24.0, 21989.0)	(25.0, 29567.0)	(26.0, 39661.0)	(27.0, 52684.0)	(28.0, 68462.0)	(29.0, 87259.0)	(30.0, 110677.0)	(31.0, 142013.0)	(32.0, 193106.0)	(33.0, 296289.0)	(34.0, 656774.0)	(35.0, 8345123.0)
SRR27961790_1	(15.0, 1.0)	(16.0, 16.0)	(17.0, 93.0)	(18.0, 333.0)	(19.0, 1034.0)	(20.0, 2072.0)	(21.0, 3645.0)	(22.0, 5447.0)	(23.0, 7845.0)	(24.0, 11185.0)	(25.0, 16369.0)	(26.0, 23459.0)	(27.0, 33111.0)	(28.0, 45195.0)	(29.0, 61579.0)	(30.0, 82873.0)	(31.0, 112249.0)	(32.0, 160552.0)	(33.0, 265038.0)	(34.0, 627648.0)	(35.0, 6350481.0)													
SRR27961790_2	(2.0, 98.0)	(3.0, 48.0)	(4.0, 50.0)	(5.0, 45.0)	(6.0, 49.0)	(7.0, 41.0)	(8.0, 50.0)	(9.0, 76.0)	(10.0, 69.0)	(11.0, 85.0)	(12.0, 70.0)	(13.0, 77.0)	(14.0, 910.0)	(15.0, 8264.0)	(16.0, 30711.0)	(17.0, 36915.0)	(18.0, 18170.0)	(19.0, 11225.0)	(20.0, 10156.0)	(21.0, 10024.0)	(22.0, 11329.0)	(23.0, 14161.0)	(24.0, 18551.0)	(25.0, 24746.0)	(26.0, 33433.0)	(27.0, 43269.0)	(28.0, 55827.0)	(29.0, 71043.0)	(30.0, 90530.0)	(31.0, 118230.0)	(32.0, 164379.0)	(33.0, 266648.0)	(34.0, 625043.0)	(35.0, 6145903.0)
SRR27961791_1	(15.0, 1.0)	(16.0, 11.0)	(17.0, 53.0)	(18.0, 276.0)	(19.0, 807.0)	(20.0, 1850.0)	(21.0, 3509.0)	(22.0, 6250.0)	(23.0, 9867.0)	(24.0, 15172.0)	(25.0, 22856.0)	(26.0, 35956.0)	(27.0, 54299.0)	(28.0, 70745.0)	(29.0, 83571.0)	(30.0, 102930.0)	(31.0, 134000.0)	(32.0, 183618.0)	(33.0, 288679.0)	(34.0, 668613.0)	(35.0, 8889854.0)													
SRR27961791_2	(2.0, 152.0)	(3.0, 79.0)	(4.0, 58.0)	(5.0, 61.0)	(6.0, 52.0)	(7.0, 72.0)	(8.0, 93.0)	(9.0, 104.0)	(10.0, 110.0)	(11.0, 81.0)	(12.0, 95.0)	(13.0, 124.0)	(14.0, 1115.0)	(15.0, 6268.0)	(16.0, 17548.0)	(17.0, 20233.0)	(18.0, 11954.0)	(19.0, 9632.0)	(20.0, 9779.0)	(21.0, 10595.0)	(22.0, 13129.0)	(23.0, 17523.0)	(24.0, 23198.0)	(25.0, 31935.0)	(26.0, 42436.0)	(27.0, 56103.0)	(28.0, 71590.0)	(29.0, 92066.0)	(30.0, 115786.0)	(31.0, 150473.0)	(32.0, 205082.0)	(33.0, 321377.0)	(34.0, 730370.0)	(35.0, 8613644.0)
SRR27961792_1	(16.0, 12.0)	(17.0, 65.0)	(18.0, 264.0)	(19.0, 767.0)	(20.0, 1642.0)	(21.0, 2966.0)	(22.0, 4759.0)	(23.0, 7458.0)	(24.0, 11125.0)	(25.0, 16595.0)	(26.0, 24212.0)	(27.0, 34304.0)	(28.0, 46715.0)	(29.0, 62339.0)	(30.0, 80003.0)	(31.0, 104252.0)	(32.0, 142369.0)	(33.0, 222788.0)	(34.0, 506446.0)	(35.0, 7111627.0)														
SRR27961792_2	(2.0, 111.0)	(3.0, 38.0)	(4.0, 61.0)	(5.0, 59.0)	(6.0, 41.0)	(7.0, 45.0)	(8.0, 74.0)	(9.0, 70.0)	(10.0, 52.0)	(11.0, 76.0)	(12.0, 58.0)	(13.0, 88.0)	(14.0, 687.0)	(15.0, 3469.0)	(16.0, 9820.0)	(17.0, 11615.0)	(18.0, 7532.0)	(19.0, 6413.0)	(20.0, 6720.0)	(21.0, 7764.0)	(22.0, 9623.0)	(23.0, 12561.0)	(24.0, 16862.0)	(25.0, 23103.0)	(26.0, 30771.0)	(27.0, 41246.0)	(28.0, 53573.0)	(29.0, 67896.0)	(30.0, 86216.0)	(31.0, 111138.0)	(32.0, 149790.0)	(33.0, 230650.0)	(34.0, 505699.0)	(35.0, 6986787.0)
SRR27961793_1	(16.0, 10.0)	(17.0, 83.0)	(18.0, 332.0)	(19.0, 911.0)	(20.0, 2169.0)	(21.0, 4102.0)	(22.0, 7015.0)	(23.0, 10595.0)	(24.0, 15628.0)	(25.0, 22200.0)	(26.0, 33114.0)	(27.0, 57014.0)	(28.0, 80240.0)	(29.0, 84067.0)	(30.0, 86843.0)	(31.0, 110467.0)	(32.0, 150854.0)	(33.0, 234570.0)	(34.0, 535581.0)	(35.0, 7261009.0)														
SRR27961793_2	(2.0, 98.0)	(3.0, 49.0)	(4.0, 54.0)	(5.0, 54.0)	(6.0, 43.0)	(7.0, 57.0)	(8.0, 71.0)	(9.0, 68.0)	(10.0, 84.0)	(11.0, 85.0)	(12.0, 91.0)	(13.0, 82.0)	(14.0, 1027.0)	(15.0, 9257.0)	(16.0, 32932.0)	(17.0, 36926.0)	(18.0, 17126.0)	(19.0, 9987.0)	(20.0, 9222.0)	(21.0, 10181.0)	(22.0, 12656.0)	(23.0, 16386.0)	(24.0, 21677.0)	(25.0, 28234.0)	(26.0, 36555.0)	(27.0, 47300.0)	(28.0, 60461.0)	(29.0, 76220.0)	(30.0, 95806.0)	(31.0, 123155.0)	(32.0, 168589.0)	(33.0, 262079.0)	(34.0, 592393.0)	(35.0, 7027799.0)
SRR27961794_1	(14.0, 1.0)	(15.0, 1.0)	(16.0, 16.0)	(17.0, 61.0)	(18.0, 313.0)	(19.0, 878.0)	(20.0, 1912.0)	(21.0, 3622.0)	(22.0, 6154.0)	(23.0, 9555.0)	(24.0, 14059.0)	(25.0, 20387.0)	(26.0, 29544.0)	(27.0, 42318.0)	(28.0, 59693.0)	(29.0, 83375.0)	(30.0, 108963.0)	(31.0, 136870.0)	(32.0, 170458.0)	(33.0, 253693.0)	(34.0, 578973.0)	(35.0, 7250868.0)												
SRR27961794_2	(2.0, 124.0)	(3.0, 41.0)	(4.0, 50.0)	(5.0, 56.0)	(6.0, 68.0)	(7.0, 42.0)	(8.0, 55.0)	(9.0, 86.0)	(10.0, 72.0)	(11.0, 76.0)	(12.0, 84.0)	(13.0, 95.0)	(14.0, 1220.0)	(15.0, 11767.0)	(16.0, 46030.0)	(17.0, 51656.0)	(18.0, 22519.0)	(19.0, 11660.0)	(20.0, 9842.0)	(21.0, 10192.0)	(22.0, 12067.0)	(23.0, 15496.0)	(24.0, 20669.0)	(25.0, 27302.0)	(26.0, 35997.0)	(27.0, 47195.0)	(28.0, 60488.0)	(29.0, 76467.0)	(30.0, 96458.0)	(31.0, 125253.0)	(32.0, 169998.0)	(33.0, 265831.0)	(34.0, 603691.0)	(35.0, 7049067.0)
SRR27961795_1	(15.0, 1.0)	(16.0, 12.0)	(17.0, 76.0)	(18.0, 329.0)	(19.0, 952.0)	(20.0, 2183.0)	(21.0, 4169.0)	(22.0, 6794.0)	(23.0, 10191.0)	(24.0, 14447.0)	(25.0, 20325.0)	(26.0, 28399.0)	(27.0, 39761.0)	(28.0, 53393.0)	(29.0, 70992.0)	(30.0, 92944.0)	(31.0, 124282.0)	(32.0, 174626.0)	(33.0, 285231.0)	(34.0, 635026.0)	(35.0, 7455646.0)													
SRR27961795_2	(2.0, 113.0)	(3.0, 59.0)	(4.0, 63.0)	(5.0, 53.0)	(6.0, 46.0)	(7.0, 45.0)	(8.0, 53.0)	(9.0, 88.0)	(10.0, 89.0)	(11.0, 67.0)	(12.0, 82.0)	(13.0, 103.0)	(14.0, 1125.0)	(15.0, 10708.0)	(16.0, 41216.0)	(17.0, 46575.0)	(18.0, 20753.0)	(19.0, 11127.0)	(20.0, 9688.0)	(21.0, 10437.0)	(22.0, 12590.0)	(23.0, 16343.0)	(24.0, 21479.0)	(25.0, 28296.0)	(26.0, 37399.0)	(27.0, 47933.0)	(28.0, 61628.0)	(29.0, 78395.0)	(30.0, 99179.0)	(31.0, 128405.0)	(32.0, 175198.0)	(33.0, 276488.0)	(34.0, 634516.0)	(35.0, 7249440.0)
SRR27961796_1	(16.0, 13.0)	(17.0, 60.0)	(18.0, 250.0)	(19.0, 747.0)	(20.0, 1526.0)	(21.0, 2710.0)	(22.0, 4243.0)	(23.0, 6540.0)	(24.0, 10157.0)	(25.0, 15488.0)	(26.0, 23050.0)	(27.0, 33815.0)	(28.0, 46598.0)	(29.0, 62886.0)	(30.0, 81749.0)	(31.0, 105094.0)	(32.0, 141335.0)	(33.0, 219727.0)	(34.0, 493550.0)	(35.0, 5019286.0)														
SRR27961796_2	(2.0, 94.0)	(3.0, 28.0)	(4.0, 27.0)	(5.0, 38.0)	(6.0, 45.0)	(7.0, 35.0)	(8.0, 40.0)	(9.0, 50.0)	(10.0, 55.0)	(11.0, 47.0)	(12.0, 40.0)	(13.0, 55.0)	(14.0, 615.0)	(15.0, 2809.0)	(16.0, 7201.0)	(17.0, 8517.0)	(18.0, 6717.0)	(19.0, 6277.0)	(20.0, 6510.0)	(21.0, 7239.0)	(22.0, 8767.0)	(23.0, 11292.0)	(24.0, 14960.0)	(25.0, 20491.0)	(26.0, 28391.0)	(27.0, 38407.0)	(28.0, 50157.0)	(29.0, 65118.0)	(30.0, 83398.0)	(31.0, 108960.0)	(32.0, 147378.0)	(33.0, 227035.0)	(34.0, 496201.0)	(35.0, 4921830.0)
SRR27961797_1	(15.0, 1.0)	(16.0, 16.0)	(17.0, 96.0)	(18.0, 472.0)	(19.0, 1128.0)	(20.0, 2260.0)	(21.0, 3773.0)	(22.0, 5753.0)	(23.0, 8639.0)	(24.0, 13031.0)	(25.0, 19045.0)	(26.0, 28041.0)	(27.0, 39655.0)	(28.0, 55089.0)	(29.0, 73009.0)	(30.0, 92346.0)	(31.0, 117465.0)	(32.0, 156500.0)	(33.0, 239825.0)	(34.0, 535778.0)	(35.0, 7136397.0)													
SRR27961797_2	(2.0, 119.0)	(3.0, 52.0)	(4.0, 51.0)	(5.0, 55.0)	(6.0, 40.0)	(7.0, 51.0)	(8.0, 66.0)	(9.0, 78.0)	(10.0, 66.0)	(11.0, 77.0)	(12.0, 80.0)	(13.0, 79.0)	(14.0, 819.0)	(15.0, 4214.0)	(16.0, 10493.0)	(17.0, 12540.0)	(18.0, 9770.0)	(19.0, 8907.0)	(20.0, 9331.0)	(21.0, 10004.0)	(22.0, 12002.0)	(23.0, 15052.0)	(24.0, 20052.0)	(25.0, 27175.0)	(26.0, 35892.0)	(27.0, 46917.0)	(28.0, 60441.0)	(29.0, 77432.0)	(30.0, 97414.0)	(31.0, 125214.0)	(32.0, 168933.0)	(33.0, 259101.0)	(34.0, 570502.0)	(35.0, 6945300.0)
SRR27961798_1	(15.0, 4.0)	(16.0, 30.0)	(17.0, 134.0)	(18.0, 606.0)	(19.0, 1588.0)	(20.0, 3567.0)	(21.0, 6328.0)	(22.0, 10497.0)	(23.0, 14973.0)	(24.0, 21015.0)	(25.0, 29202.0)	(26.0, 39904.0)	(27.0, 54259.0)	(28.0, 71742.0)	(29.0, 94075.0)	(30.0, 121215.0)	(31.0, 158159.0)	(32.0, 217207.0)	(33.0, 356035.0)	(34.0, 724091.0)	(35.0, 9221806.0)													
SRR27961798_2	(2.0, 163.0)	(3.0, 64.0)	(4.0, 63.0)	(5.0, 93.0)	(6.0, 53.0)	(7.0, 63.0)	(8.0, 83.0)	(9.0, 101.0)	(10.0, 103.0)	(11.0, 96.0)	(12.0, 83.0)	(13.0, 115.0)	(14.0, 1716.0)	(15.0, 13824.0)	(16.0, 49311.0)	(17.0, 57302.0)	(18.0, 28128.0)	(19.0, 16445.0)	(20.0, 14652.0)	(21.0, 15789.0)	(22.0, 17968.0)	(23.0, 22291.0)	(24.0, 28834.0)	(25.0, 37528.0)	(26.0, 47962.0)	(27.0, 61719.0)	(28.0, 78407.0)	(29.0, 98914.0)	(30.0, 124079.0)	(31.0, 158548.0)	(32.0, 212416.0)	(33.0, 321763.0)	(34.0, 694019.0)	(35.0, 9043742.0)
