Sample	0	1	2	3	4	5	6	7	8	9	10	11	12	13	14	15	16	17	18	19	20	21	22	23	24	25	26	27	28	29	30	31	32	33
SRR20079516_1	(34, 2885760.0)	(36, 1408.0)	(38, 1603.0)	(40, 1665.0)	(42, 1695.0)	(44, 2086.0)	(46, 3310.0)	(48, 4983.0)	(50, 7060.0)	(52, 7643.0)	(54, 10136.0)	(56, 16894.0)	(58, 28263.0)	(60, 37833.0)	(62, 40923.0)	(64, 46376.0)	(66, 63119.0)	(68, 89338.0)	(70, 112566.0)	(72, 125417.0)	(74, 133730.0)	(76, 147155.0)	(78, 171352.0)	(80, 200189.0)	(82, 225111.0)	(84, 242477.0)	(86, 249309.0)	(88, 262662.0)	(90, 286310.0)	(92, 303723.0)	(94, 323880.0)	(96, 457407.0)	(98, 2600194.0)	(100, 21151620.0)
SRR20079516_2	(34, 23715.0)	(36, 1423.0)	(38, 1573.0)	(40, 1641.0)	(42, 1671.0)	(44, 2079.0)	(46, 3270.0)	(48, 4891.0)	(50, 6946.0)	(52, 7507.0)	(54, 9946.0)	(56, 16465.0)	(58, 27610.0)	(60, 37021.0)	(62, 40014.0)	(64, 45258.0)	(66, 61546.0)	(68, 87368.0)	(70, 110198.0)	(72, 121805.0)	(74, 129907.0)	(76, 143254.0)	(78, 167204.0)	(80, 195412.0)	(82, 219102.0)	(84, 236315.0)	(86, 243854.0)	(88, 258035.0)	(90, 281756.0)	(92, 298783.0)	(94, 321081.0)	(96, 453948.0)	(98, 2626767.0)	(100, 24055832.0)
SRR20079517_1	(34, 430525.0)	(36, 181.0)	(38, 189.0)	(40, 202.0)	(42, 200.0)	(44, 264.0)	(46, 416.0)	(48, 599.0)	(50, 920.0)	(52, 1068.0)	(54, 1329.0)	(56, 2266.0)	(58, 3724.0)	(60, 5152.0)	(62, 5395.0)	(64, 5998.0)	(66, 8255.0)	(68, 11636.0)	(70, 14927.0)	(72, 16586.0)	(74, 17752.0)	(76, 19618.0)	(78, 23182.0)	(80, 26927.0)	(82, 30118.0)	(84, 32766.0)	(86, 33855.0)	(88, 35071.0)	(90, 37997.0)	(92, 40641.0)	(94, 43642.0)	(96, 60919.0)	(98, 343561.0)	(100, 2780319.0)
SRR20079517_2	(34, 6511.0)	(36, 130.0)	(38, 136.0)	(40, 166.0)	(42, 181.0)	(44, 253.0)	(46, 383.0)	(48, 564.0)	(50, 873.0)	(52, 1004.0)	(54, 1240.0)	(56, 2137.0)	(58, 3510.0)	(60, 4885.0)	(62, 5098.0)	(64, 5714.0)	(66, 7817.0)	(68, 11145.0)	(70, 14331.0)	(72, 15818.0)	(74, 17029.0)	(76, 18813.0)	(78, 22355.0)	(80, 25995.0)	(82, 28988.0)	(84, 31571.0)	(86, 32680.0)	(88, 33974.0)	(90, 36877.0)	(92, 39280.0)	(94, 42309.0)	(96, 60350.0)	(98, 338277.0)	(100, 3225806.0)
SRR20079518_1	(34, 832548.0)	(36, 163.0)	(38, 216.0)	(40, 203.0)	(42, 237.0)	(44, 252.0)	(46, 411.0)	(48, 694.0)	(50, 919.0)	(52, 1076.0)	(54, 1333.0)	(56, 2212.0)	(58, 3715.0)	(60, 4847.0)	(62, 5247.0)	(64, 6005.0)	(66, 8039.0)	(68, 11658.0)	(70, 14825.0)	(72, 16682.0)	(74, 18079.0)	(76, 20385.0)	(78, 24080.0)	(80, 27592.0)	(82, 31523.0)	(84, 34382.0)	(86, 35783.0)	(88, 37971.0)	(90, 41522.0)	(92, 42503.0)	(94, 46178.0)	(96, 62839.0)	(98, 336776.0)	(100, 2765958.0)
SRR20079518_2	(34, 66564.0)	(36, 113.0)	(38, 150.0)	(40, 165.0)	(42, 201.0)	(44, 237.0)	(46, 384.0)	(48, 632.0)	(50, 841.0)	(52, 976.0)	(54, 1220.0)	(56, 2033.0)	(58, 3461.0)	(60, 4540.0)	(62, 4843.0)	(64, 5598.0)	(66, 7462.0)	(68, 10954.0)	(70, 13960.0)	(72, 15606.0)	(74, 16967.0)	(76, 19212.0)	(78, 22687.0)	(80, 26274.0)	(82, 30026.0)	(84, 32551.0)	(86, 33863.0)	(88, 36191.0)	(90, 39456.0)	(92, 40863.0)	(94, 44539.0)	(96, 62139.0)	(98, 328152.0)	(100, 3563993.0)
SRR20079519_1	(34, 5075684.0)	(36, 1479.0)	(38, 1582.0)	(40, 1814.0)	(42, 1877.0)	(44, 2246.0)	(46, 3355.0)	(48, 5151.0)	(50, 6985.0)	(52, 7660.0)	(54, 10015.0)	(56, 16237.0)	(58, 27007.0)	(60, 36112.0)	(62, 39174.0)	(64, 44270.0)	(66, 59797.0)	(68, 85791.0)	(70, 107865.0)	(72, 120150.0)	(74, 131020.0)	(76, 147046.0)	(78, 171197.0)	(80, 201463.0)	(82, 227267.0)	(84, 246034.0)	(86, 254356.0)	(88, 270159.0)	(90, 291642.0)	(92, 303684.0)	(94, 324272.0)	(96, 440616.0)	(98, 2353068.0)	(100, 19117147.0)
SRR20079519_2	(34, 84514.0)	(36, 1420.0)	(38, 1505.0)	(40, 1765.0)	(42, 1794.0)	(44, 2131.0)	(46, 3199.0)	(48, 4995.0)	(50, 6704.0)	(52, 7375.0)	(54, 9560.0)	(56, 15465.0)	(58, 25955.0)	(60, 34799.0)	(62, 37589.0)	(64, 42429.0)	(66, 57124.0)	(68, 82181.0)	(70, 103619.0)	(72, 114742.0)	(74, 125027.0)	(76, 140590.0)	(78, 163769.0)	(80, 192883.0)	(82, 218234.0)	(84, 235881.0)	(86, 244577.0)	(88, 260821.0)	(90, 281651.0)	(92, 298558.0)	(94, 321225.0)	(96, 437469.0)	(98, 2394815.0)	(100, 24178857.0)
SRR20079520_1	(34, 805419.0)	(36, 3332.0)	(38, 3513.0)	(40, 3569.0)	(42, 3420.0)	(44, 3882.0)	(46, 5125.0)	(48, 7814.0)	(50, 10216.0)	(52, 10541.0)	(54, 12584.0)	(56, 20936.0)	(58, 37044.0)	(60, 49467.0)	(62, 50920.0)	(64, 57089.0)	(66, 81338.0)	(68, 121281.0)	(70, 156269.0)	(72, 174370.0)	(74, 192900.0)	(76, 223373.0)	(78, 272432.0)	(80, 325277.0)	(82, 371144.0)	(84, 407451.0)	(86, 433864.0)	(88, 468629.0)	(90, 512280.0)	(92, 546717.0)	(94, 585532.0)	(96, 838025.0)	(98, 4900913.0)	(100, 40431495.0)
SRR20079520_2	(34, 55186.0)	(36, 3317.0)	(38, 3564.0)	(40, 3613.0)	(42, 3443.0)	(44, 3930.0)	(46, 5148.0)	(48, 7849.0)	(50, 10201.0)	(52, 10507.0)	(54, 12525.0)	(56, 20737.0)	(58, 36674.0)	(60, 48934.0)	(62, 50336.0)	(64, 56448.0)	(66, 80403.0)	(68, 119891.0)	(70, 154562.0)	(72, 171814.0)	(74, 189848.0)	(76, 220333.0)	(78, 269021.0)	(80, 321376.0)	(82, 365790.0)	(84, 401912.0)	(86, 429267.0)	(88, 464740.0)	(90, 508981.0)	(92, 541177.0)	(94, 582713.0)	(96, 837367.0)	(98, 4956393.0)	(100, 41180161.0)
SRR20079521_1	(34, 98965.0)	(36, 313.0)	(38, 359.0)	(40, 331.0)	(42, 343.0)	(44, 403.0)	(46, 486.0)	(48, 752.0)	(50, 1045.0)	(52, 1032.0)	(54, 1403.0)	(56, 2164.0)	(58, 3760.0)	(60, 5225.0)	(62, 5073.0)	(64, 5813.0)	(66, 8443.0)	(68, 12576.0)	(70, 16051.0)	(72, 18098.0)	(74, 19719.0)	(76, 23291.0)	(78, 28217.0)	(80, 33240.0)	(82, 37755.0)	(84, 41583.0)	(86, 44502.0)	(88, 47658.0)	(90, 52746.0)	(92, 55448.0)	(94, 60256.0)	(96, 85597.0)	(98, 490099.0)	(100, 4022509.0)
SRR20079521_2	(34, 6414.0)	(36, 231.0)	(38, 278.0)	(40, 289.0)	(42, 311.0)	(44, 384.0)	(46, 469.0)	(48, 720.0)	(50, 1010.0)	(52, 974.0)	(54, 1310.0)	(56, 2066.0)	(58, 3630.0)	(60, 5064.0)	(62, 4896.0)	(64, 5604.0)	(66, 8182.0)	(68, 12281.0)	(70, 15658.0)	(72, 17516.0)	(74, 19227.0)	(76, 22665.0)	(78, 27549.0)	(80, 32583.0)	(82, 36959.0)	(84, 40654.0)	(86, 43652.0)	(88, 46817.0)	(90, 51783.0)	(92, 53965.0)	(94, 58668.0)	(96, 84734.0)	(98, 486531.0)	(100, 4132181.0)
SRR20079522_1	(34, 36840087.0)	(36, 95.0)	(38, 89.0)	(40, 99.0)	(42, 121.0)	(44, 132.0)	(46, 186.0)	(48, 397.0)	(50, 335.0)	(52, 341.0)	(54, 423.0)	(56, 596.0)	(58, 988.0)	(60, 1437.0)	(62, 1411.0)	(64, 1707.0)	(66, 2787.0)	(68, 3465.0)	(70, 4480.0)	(72, 4803.0)	(74, 5249.0)	(76, 6158.0)	(78, 7523.0)	(80, 9433.0)	(82, 9890.0)	(84, 11294.0)	(86, 12538.0)	(88, 13688.0)	(90, 15769.0)	(92, 14982.0)	(94, 17334.0)	(96, 27915.0)	(98, 241435.0)	(100, 4797363.0)
SRR20079522_2	(34, 2947074.0)	(36, 75.0)	(38, 83.0)	(40, 77.0)	(42, 104.0)	(44, 107.0)	(46, 158.0)	(48, 226.0)	(50, 291.0)	(52, 309.0)	(54, 368.0)	(56, 516.0)	(58, 891.0)	(60, 1241.0)	(62, 1255.0)	(64, 1319.0)	(66, 2201.0)	(68, 2564.0)	(70, 3403.0)	(72, 3649.0)	(74, 3999.0)	(76, 5059.0)	(78, 6245.0)	(80, 8005.0)	(82, 8444.0)	(84, 9691.0)	(86, 10962.0)	(88, 12173.0)	(90, 14055.0)	(92, 12882.0)	(94, 15687.0)	(96, 30775.0)	(98, 232971.0)	(100, 38717691.0)
SRR20079523_1	(34, 5450458.0)	(36, 91.0)	(38, 89.0)	(40, 91.0)	(42, 80.0)	(44, 116.0)	(46, 168.0)	(48, 249.0)	(50, 311.0)	(52, 329.0)	(54, 378.0)	(56, 563.0)	(58, 1046.0)	(60, 1375.0)	(62, 1276.0)	(64, 1626.0)	(66, 2213.0)	(68, 3139.0)	(70, 4095.0)	(72, 4428.0)	(74, 5105.0)	(76, 5831.0)	(78, 7205.0)	(80, 8916.0)	(82, 9661.0)	(84, 11512.0)	(86, 12640.0)	(88, 14174.0)	(90, 16371.0)	(92, 15789.0)	(94, 17401.0)	(96, 30832.0)	(98, 217409.0)	(100, 1826684.0)
SRR20079523_2	(34, 79357.0)	(36, 65.0)	(38, 65.0)	(40, 79.0)	(42, 71.0)	(44, 91.0)	(46, 135.0)	(48, 191.0)	(50, 266.0)	(52, 264.0)	(54, 290.0)	(56, 447.0)	(58, 856.0)	(60, 1076.0)	(62, 1023.0)	(64, 1208.0)	(66, 1814.0)	(68, 2378.0)	(70, 3073.0)	(72, 3272.0)	(74, 3818.0)	(76, 4453.0)	(78, 5676.0)	(80, 7088.0)	(82, 7571.0)	(84, 8744.0)	(86, 9824.0)	(88, 11346.0)	(90, 13055.0)	(92, 11943.0)	(94, 13935.0)	(96, 27886.0)	(98, 183659.0)	(100, 7266632.0)
SRR20079524_1	(34, 5798738.0)	(36, 47.0)	(38, 61.0)	(40, 53.0)	(42, 71.0)	(44, 58.0)	(46, 94.0)	(48, 108.0)	(50, 181.0)	(52, 151.0)	(54, 190.0)	(56, 272.0)	(58, 486.0)	(60, 684.0)	(62, 746.0)	(64, 814.0)	(66, 1293.0)	(68, 1565.0)	(70, 1950.0)	(72, 2175.0)	(74, 2483.0)	(76, 2765.0)	(78, 3309.0)	(80, 3965.0)	(82, 4387.0)	(84, 4872.0)	(86, 5244.0)	(88, 5509.0)	(90, 6258.0)	(92, 5927.0)	(94, 6326.0)	(96, 10252.0)	(98, 65396.0)	(100, 539063.0)
SRR20079524_2	(34, 8928.0)	(36, 39.0)	(38, 68.0)	(40, 49.0)	(42, 63.0)	(44, 48.0)	(46, 80.0)	(48, 90.0)	(50, 155.0)	(52, 133.0)	(54, 151.0)	(56, 225.0)	(58, 398.0)	(60, 597.0)	(62, 607.0)	(64, 654.0)	(66, 1081.0)	(68, 1280.0)	(70, 1629.0)	(72, 1728.0)	(74, 2011.0)	(76, 2164.0)	(78, 2663.0)	(80, 3224.0)	(82, 3327.0)	(84, 3806.0)	(86, 4182.0)	(88, 4827.0)	(90, 5691.0)	(92, 4882.0)	(94, 5371.0)	(96, 11321.0)	(98, 104032.0)	(100, 6299989.0)
SRR20079525_1	(34, 981128.0)	(36, 357.0)	(38, 401.0)	(40, 384.0)	(42, 365.0)	(44, 467.0)	(46, 671.0)	(48, 947.0)	(50, 1359.0)	(52, 1451.0)	(54, 1763.0)	(56, 2823.0)	(58, 4709.0)	(60, 6403.0)	(62, 6873.0)	(64, 7429.0)	(66, 10307.0)	(68, 14744.0)	(70, 18330.0)	(72, 21003.0)	(74, 23198.0)	(76, 25695.0)	(78, 31163.0)	(80, 36111.0)	(82, 41336.0)	(84, 45474.0)	(86, 47419.0)	(88, 50341.0)	(90, 55412.0)	(92, 58843.0)	(94, 63160.0)	(96, 90350.0)	(98, 535005.0)	(100, 4424046.0)
SRR20079525_2	(34, 14332.0)	(36, 247.0)	(38, 292.0)	(40, 332.0)	(42, 330.0)	(44, 436.0)	(46, 644.0)	(48, 903.0)	(50, 1281.0)	(52, 1365.0)	(54, 1669.0)	(56, 2686.0)	(58, 4457.0)	(60, 6138.0)	(62, 6560.0)	(64, 7128.0)	(66, 9893.0)	(68, 14244.0)	(70, 17750.0)	(72, 20264.0)	(74, 22402.0)	(76, 24853.0)	(78, 30233.0)	(80, 35102.0)	(82, 40123.0)	(84, 44182.0)	(86, 45938.0)	(88, 48942.0)	(90, 53891.0)	(92, 57043.0)	(94, 61416.0)	(96, 89555.0)	(98, 531770.0)	(100, 5413066.0)
SRR20079526_1	(34, 12129631.0)	(36, 5690.0)	(38, 6103.0)	(40, 6282.0)	(42, 6439.0)	(44, 7266.0)	(46, 9983.0)	(48, 15322.0)	(50, 20041.0)	(52, 21269.0)	(54, 26168.0)	(56, 42473.0)	(58, 70683.0)	(60, 94755.0)	(62, 100834.0)	(64, 110882.0)	(66, 152178.0)	(68, 219430.0)	(70, 277301.0)	(72, 316051.0)	(74, 344681.0)	(76, 387646.0)	(78, 464836.0)	(80, 550172.0)	(82, 627117.0)	(84, 682418.0)	(86, 718392.0)	(88, 764003.0)	(90, 837606.0)	(92, 892963.0)	(94, 955660.0)	(96, 1400694.0)	(98, 8597053.0)	(100, 71246605.0)
SRR20079526_2	(34, 97222.0)	(36, 5697.0)	(38, 6139.0)	(40, 6251.0)	(42, 6466.0)	(44, 7231.0)	(46, 9872.0)	(48, 15111.0)	(50, 19729.0)	(52, 20907.0)	(54, 25638.0)	(56, 41401.0)	(58, 69098.0)	(60, 92639.0)	(62, 98557.0)	(64, 108157.0)	(66, 148162.0)	(68, 214062.0)	(70, 271222.0)	(72, 306652.0)	(74, 334690.0)	(76, 377399.0)	(78, 453076.0)	(80, 536709.0)	(82, 609399.0)	(84, 664567.0)	(86, 702209.0)	(88, 750852.0)	(90, 824071.0)	(92, 876254.0)	(94, 945662.0)	(96, 1395383.0)	(98, 8775190.0)	(100, 83292953.0)
SRR20079527_1	(34, 20211246.0)	(36, 8967.0)	(38, 9751.0)	(40, 9762.0)	(42, 9316.0)	(44, 11114.0)	(46, 15879.0)	(48, 23931.0)	(50, 29722.0)	(52, 31631.0)	(54, 38225.0)	(56, 60557.0)	(58, 99284.0)	(60, 125614.0)	(62, 126324.0)	(64, 140003.0)	(66, 193214.0)	(68, 277802.0)	(70, 354095.0)	(72, 401785.0)	(74, 447096.0)	(76, 526458.0)	(78, 649840.0)	(80, 801093.0)	(82, 929252.0)	(84, 1066707.0)	(86, 1180106.0)	(88, 1315334.0)	(90, 1514013.0)	(92, 1605238.0)	(94, 1791515.0)	(96, 2751177.0)	(98, 17169948.0)	(100, 141611922.0)
SRR20079527_2	(34, 265197.0)	(36, 6330.0)	(38, 7473.0)	(40, 8280.0)	(42, 8247.0)	(44, 10051.0)	(46, 14530.0)	(48, 22052.0)	(50, 27440.0)	(52, 28846.0)	(54, 34418.0)	(56, 55327.0)	(58, 92173.0)	(60, 116680.0)	(62, 116983.0)	(64, 129415.0)	(66, 178813.0)	(68, 259049.0)	(70, 331551.0)	(72, 371675.0)	(74, 415266.0)	(76, 489649.0)	(78, 607360.0)	(80, 752579.0)	(82, 875731.0)	(84, 998090.0)	(86, 1105788.0)	(88, 1241408.0)	(90, 1427571.0)	(92, 1530255.0)	(94, 1716544.0)	(96, 2696779.0)	(98, 16551883.0)	(100, 163044488.0)
SRR20079528_1	(34, 505453.0)	(36, 595.0)	(38, 615.0)	(40, 652.0)	(42, 716.0)	(44, 1027.0)	(46, 1712.0)	(48, 2909.0)	(50, 4132.0)	(52, 4662.0)	(54, 6209.0)	(56, 10680.0)	(58, 18256.0)	(60, 24478.0)	(62, 26078.0)	(64, 28975.0)	(66, 39153.0)	(68, 53701.0)	(70, 65342.0)	(72, 70704.0)	(74, 73772.0)	(76, 79582.0)	(78, 88511.0)	(80, 99572.0)	(82, 108393.0)	(84, 113282.0)	(86, 113866.0)	(88, 117138.0)	(90, 123308.0)	(92, 128673.0)	(94, 134568.0)	(96, 169640.0)	(98, 795565.0)	(100, 6202203.0)
SRR20079528_2	(34, 9230.0)	(36, 380.0)	(38, 477.0)	(40, 565.0)	(42, 672.0)	(44, 981.0)	(46, 1643.0)	(48, 2806.0)	(50, 3960.0)	(52, 4428.0)	(54, 5929.0)	(56, 10240.0)	(58, 17586.0)	(60, 23667.0)	(62, 25132.0)	(64, 28142.0)	(66, 37884.0)	(68, 52291.0)	(70, 63756.0)	(72, 68333.0)	(74, 71746.0)	(76, 77684.0)	(78, 86574.0)	(80, 97654.0)	(82, 106008.0)	(84, 110749.0)	(86, 111514.0)	(88, 115043.0)	(90, 120925.0)	(92, 124929.0)	(94, 131008.0)	(96, 168638.0)	(98, 793307.0)	(100, 6740241.0)
SRR20079529_1	(34, 1356531.0)	(36, 1739.0)	(38, 1925.0)	(40, 2150.0)	(42, 2368.0)	(44, 3069.0)	(46, 5196.0)	(48, 8903.0)	(50, 12271.0)	(52, 13977.0)	(54, 18775.0)	(56, 32097.0)	(58, 55591.0)	(60, 74569.0)	(62, 78773.0)	(64, 86996.0)	(66, 117147.0)	(68, 162780.0)	(70, 197771.0)	(72, 211241.0)	(74, 221481.0)	(76, 237290.0)	(78, 265837.0)	(80, 298927.0)	(82, 326568.0)	(84, 341176.0)	(86, 342522.0)	(88, 352529.0)	(90, 371577.0)	(92, 387173.0)	(94, 402345.0)	(96, 512426.0)	(98, 2444573.0)	(100, 19152959.0)
SRR20079529_2	(34, 21438.0)	(36, 1580.0)	(38, 1933.0)	(40, 2179.0)	(42, 2368.0)	(44, 3077.0)	(46, 5177.0)	(48, 8813.0)	(50, 12111.0)	(52, 13835.0)	(54, 18614.0)	(56, 31672.0)	(58, 54862.0)	(60, 73707.0)	(62, 77778.0)	(64, 85879.0)	(66, 115673.0)	(68, 160650.0)	(70, 195517.0)	(72, 207890.0)	(74, 218019.0)	(76, 234066.0)	(78, 262515.0)	(80, 295155.0)	(82, 321461.0)	(84, 336721.0)	(86, 338605.0)	(88, 349975.0)	(90, 369076.0)	(92, 382637.0)	(94, 400018.0)	(96, 510747.0)	(98, 2483387.0)	(100, 20504117.0)
SRR20079530_1	(34, 5613781.0)	(36, 3598.0)	(38, 4155.0)	(40, 4169.0)	(42, 4355.0)	(44, 5139.0)	(46, 7490.0)	(48, 11194.0)	(50, 14073.0)	(52, 14571.0)	(54, 17686.0)	(56, 28020.0)	(58, 44089.0)	(60, 57098.0)	(62, 56739.0)	(64, 61202.0)	(66, 84141.0)	(68, 117779.0)	(70, 148903.0)	(72, 168023.0)	(74, 185740.0)	(76, 214642.0)	(78, 264733.0)	(80, 322516.0)	(82, 379182.0)	(84, 433977.0)	(86, 471334.0)	(88, 529007.0)	(90, 603369.0)	(92, 650281.0)	(94, 718202.0)	(96, 1070467.0)	(98, 6470173.0)	(100, 53581777.0)
SRR20079530_2	(34, 52846.0)	(36, 3462.0)	(38, 4006.0)	(40, 4067.0)	(42, 4203.0)	(44, 4915.0)	(46, 7140.0)	(48, 10721.0)	(50, 13455.0)	(52, 13770.0)	(54, 16719.0)	(56, 26480.0)	(58, 41758.0)	(60, 54295.0)	(62, 53743.0)	(64, 57665.0)	(66, 79099.0)	(68, 111209.0)	(70, 140919.0)	(72, 157126.0)	(74, 173558.0)	(76, 201313.0)	(78, 248917.0)	(80, 303501.0)	(82, 357457.0)	(84, 408373.0)	(86, 445608.0)	(88, 504356.0)	(90, 576067.0)	(92, 630305.0)	(94, 703137.0)	(96, 1053703.0)	(98, 6504413.0)	(100, 59393299.0)
SRR20079531_1	(34, 877875.0)	(36, 395.0)	(38, 379.0)	(40, 432.0)	(42, 438.0)	(44, 510.0)	(46, 744.0)	(48, 1205.0)	(50, 1430.0)	(52, 1473.0)	(54, 1871.0)	(56, 2901.0)	(58, 4717.0)	(60, 5903.0)	(62, 5863.0)	(64, 6664.0)	(66, 9011.0)	(68, 12758.0)	(70, 16458.0)	(72, 18317.0)	(74, 20218.0)	(76, 23632.0)	(78, 29249.0)	(80, 36037.0)	(82, 41450.0)	(84, 48318.0)	(86, 52759.0)	(88, 59363.0)	(90, 67768.0)	(92, 72425.0)	(94, 80333.0)	(96, 122111.0)	(98, 741619.0)	(100, 6103356.0)
SRR20079531_2	(34, 9505.0)	(36, 250.0)	(38, 268.0)	(40, 358.0)	(42, 359.0)	(44, 463.0)	(46, 666.0)	(48, 1097.0)	(50, 1301.0)	(52, 1306.0)	(54, 1670.0)	(56, 2608.0)	(58, 4307.0)	(60, 5367.0)	(62, 5396.0)	(64, 6056.0)	(66, 8215.0)	(68, 11694.0)	(70, 15168.0)	(72, 16691.0)	(74, 18494.0)	(76, 21624.0)	(78, 26997.0)	(80, 33447.0)	(82, 38563.0)	(84, 44504.0)	(86, 48793.0)	(88, 55338.0)	(90, 63166.0)	(92, 68050.0)	(94, 75913.0)	(96, 119196.0)	(98, 704409.0)	(100, 7056743.0)
SRR20079532_1	(34, 12431647.0)	(36, 288.0)	(38, 293.0)	(40, 389.0)	(42, 346.0)	(44, 380.0)	(46, 478.0)	(48, 803.0)	(50, 944.0)	(52, 1097.0)	(54, 1259.0)	(56, 1903.0)	(58, 3064.0)	(60, 4298.0)	(62, 4007.0)	(64, 4701.0)	(66, 6673.0)	(68, 9261.0)	(70, 11776.0)	(72, 13006.0)	(74, 14634.0)	(76, 17102.0)	(78, 21598.0)	(80, 26568.0)	(82, 28861.0)	(84, 34337.0)	(86, 38438.0)	(88, 43117.0)	(90, 50736.0)	(92, 47888.0)	(94, 54118.0)	(96, 95971.0)	(98, 670853.0)	(100, 5474322.0)
SRR20079532_2	(34, 88947.0)	(36, 192.0)	(38, 225.0)	(40, 290.0)	(42, 280.0)	(44, 292.0)	(46, 407.0)	(48, 645.0)	(50, 810.0)	(52, 866.0)	(54, 993.0)	(56, 1509.0)	(58, 2544.0)	(60, 3433.0)	(62, 3278.0)	(64, 3586.0)	(66, 5348.0)	(68, 7059.0)	(70, 8968.0)	(72, 9489.0)	(74, 10802.0)	(76, 12575.0)	(78, 16390.0)	(80, 20402.0)	(82, 21619.0)	(84, 25144.0)	(86, 28951.0)	(88, 33257.0)	(90, 39379.0)	(92, 34809.0)	(94, 41312.0)	(96, 84713.0)	(98, 556821.0)	(100, 18049821.0)
SRR20079533_1	(34, 581957.0)	(36, 2.0)	(38, 9.0)	(40, 11.0)	(42, 5.0)	(44, 11.0)	(46, 14.0)	(48, 14.0)	(50, 18.0)	(52, 25.0)	(54, 38.0)	(56, 50.0)	(58, 68.0)	(60, 90.0)	(62, 111.0)	(64, 119.0)	(66, 189.0)	(68, 208.0)	(70, 273.0)	(72, 304.0)	(74, 328.0)	(76, 350.0)	(78, 448.0)	(80, 508.0)	(82, 524.0)	(84, 623.0)	(86, 644.0)	(88, 693.0)	(90, 814.0)	(92, 748.0)	(94, 778.0)	(96, 1232.0)	(98, 7998.0)	(100, 65437.0)
SRR20079533_2	(34, 341.0)	(36, 2.0)	(38, 6.0)	(40, 10.0)	(42, 3.0)	(44, 6.0)	(46, 8.0)	(48, 12.0)	(50, 13.0)	(52, 22.0)	(54, 32.0)	(56, 40.0)	(58, 56.0)	(60, 74.0)	(62, 81.0)	(64, 92.0)	(66, 154.0)	(68, 156.0)	(70, 223.0)	(72, 226.0)	(74, 254.0)	(76, 266.0)	(78, 346.0)	(80, 377.0)	(82, 368.0)	(84, 419.0)	(86, 499.0)	(88, 556.0)	(90, 686.0)	(92, 565.0)	(94, 608.0)	(96, 1269.0)	(98, 12158.0)	(100, 644713.0)
SRR20079534_1	(34, 3270261.0)	(36, 16.0)	(38, 16.0)	(40, 15.0)	(42, 12.0)	(44, 17.0)	(46, 14.0)	(48, 32.0)	(50, 25.0)	(52, 24.0)	(54, 36.0)	(56, 32.0)	(58, 79.0)	(60, 95.0)	(62, 107.0)	(64, 97.0)	(66, 153.0)	(68, 210.0)	(70, 260.0)	(72, 281.0)	(74, 320.0)	(76, 354.0)	(78, 437.0)	(80, 581.0)	(82, 617.0)	(84, 649.0)	(86, 726.0)	(88, 837.0)	(90, 977.0)	(92, 965.0)	(94, 973.0)	(96, 1645.0)	(98, 10276.0)	(100, 91944.0)
SRR20079534_2	(34, 460.0)	(36, 16.0)	(38, 16.0)	(40, 12.0)	(42, 16.0)	(44, 17.0)	(46, 14.0)	(48, 23.0)	(50, 26.0)	(52, 20.0)	(54, 32.0)	(56, 25.0)	(58, 69.0)	(60, 90.0)	(62, 100.0)	(64, 88.0)	(66, 144.0)	(68, 195.0)	(70, 255.0)	(72, 253.0)	(74, 307.0)	(76, 341.0)	(78, 438.0)	(80, 591.0)	(82, 594.0)	(84, 665.0)	(86, 753.0)	(88, 961.0)	(90, 1223.0)	(92, 1028.0)	(94, 1126.0)	(96, 3120.0)	(98, 41920.0)	(100, 3328145.0)
SRR20079535_1	(34, 16092734.0)	(36, 53.0)	(38, 40.0)	(40, 59.0)	(42, 56.0)	(44, 66.0)	(46, 100.0)	(48, 106.0)	(50, 136.0)	(52, 137.0)	(54, 170.0)	(56, 231.0)	(58, 449.0)	(60, 550.0)	(62, 574.0)	(64, 732.0)	(66, 1022.0)	(68, 1425.0)	(70, 1833.0)	(72, 1930.0)	(74, 2186.0)	(76, 2561.0)	(78, 3081.0)	(80, 3912.0)	(82, 4194.0)	(84, 4830.0)	(86, 5340.0)	(88, 6091.0)	(90, 7114.0)	(92, 6671.0)	(94, 7159.0)	(96, 13005.0)	(98, 89195.0)	(100, 823925.0)
SRR20079535_2	(34, 21081.0)	(36, 39.0)	(38, 38.0)	(40, 55.0)	(42, 48.0)	(44, 57.0)	(46, 73.0)	(48, 76.0)	(50, 108.0)	(52, 94.0)	(54, 127.0)	(56, 176.0)	(58, 333.0)	(60, 406.0)	(62, 469.0)	(64, 507.0)	(66, 769.0)	(68, 954.0)	(70, 1300.0)	(72, 1292.0)	(74, 1520.0)	(76, 1839.0)	(78, 2219.0)	(80, 2995.0)	(82, 3093.0)	(84, 3459.0)	(86, 3908.0)	(88, 4688.0)	(90, 5382.0)	(92, 4876.0)	(94, 5701.0)	(96, 12611.0)	(98, 96776.0)	(100, 16904598.0)
SRR20079536_1	(34, 546411.0)	(36, 704.0)	(38, 792.0)	(40, 898.0)	(42, 977.0)	(44, 1233.0)	(46, 1838.0)	(48, 3306.0)	(50, 4392.0)	(52, 5084.0)	(54, 6605.0)	(56, 11247.0)	(58, 18907.0)	(60, 25847.0)	(62, 27182.0)	(64, 31039.0)	(66, 43452.0)	(68, 60827.0)	(70, 76244.0)	(72, 83385.0)	(74, 89849.0)	(76, 99156.0)	(78, 114927.0)	(80, 133400.0)	(82, 148845.0)	(84, 158180.0)	(86, 163470.0)	(88, 174054.0)	(90, 187113.0)	(92, 195071.0)	(94, 207452.0)	(96, 289719.0)	(98, 1562759.0)	(100, 12387508.0)
SRR20079536_2	(34, 18980.0)	(36, 429.0)	(38, 558.0)	(40, 707.0)	(42, 852.0)	(44, 1122.0)	(46, 1695.0)	(48, 3072.0)	(50, 4075.0)	(52, 4684.0)	(54, 6051.0)	(56, 10483.0)	(58, 17757.0)	(60, 24364.0)	(62, 25569.0)	(64, 29537.0)	(66, 41188.0)	(68, 58208.0)	(70, 73171.0)	(72, 79087.0)	(74, 85839.0)	(76, 94958.0)	(78, 110539.0)	(80, 128858.0)	(82, 143235.0)	(84, 152221.0)	(86, 157574.0)	(88, 168626.0)	(90, 181112.0)	(92, 186947.0)	(94, 200122.0)	(96, 285624.0)	(98, 1529888.0)	(100, 13034741.0)
SRR20079537_1	(34, 102974.0)	(36, 184.0)	(38, 189.0)	(40, 211.0)	(42, 219.0)	(44, 269.0)	(46, 399.0)	(48, 767.0)	(50, 1015.0)	(52, 1106.0)	(54, 1420.0)	(56, 2474.0)	(58, 4159.0)	(60, 5697.0)	(62, 5889.0)	(64, 6900.0)	(66, 9475.0)	(68, 13669.0)	(70, 17070.0)	(72, 18470.0)	(74, 20024.0)	(76, 21969.0)	(78, 25687.0)	(80, 29558.0)	(82, 33533.0)	(84, 35424.0)	(86, 36990.0)	(88, 38845.0)	(90, 41795.0)	(92, 43991.0)	(94, 46403.0)	(96, 65098.0)	(98, 364773.0)	(100, 2904808.0)
SRR20079537_2	(34, 2636.0)	(36, 173.0)	(38, 188.0)	(40, 196.0)	(42, 218.0)	(44, 261.0)	(46, 380.0)	(48, 745.0)	(50, 1000.0)	(52, 1069.0)	(54, 1378.0)	(56, 2403.0)	(58, 4031.0)	(60, 5558.0)	(62, 5715.0)	(64, 6694.0)	(66, 9185.0)	(68, 13277.0)	(70, 16629.0)	(72, 17834.0)	(74, 19358.0)	(76, 21299.0)	(78, 24941.0)	(80, 28644.0)	(82, 32374.0)	(84, 34338.0)	(86, 36015.0)	(88, 38052.0)	(90, 40979.0)	(92, 42772.0)	(94, 45752.0)	(96, 64467.0)	(98, 365738.0)	(100, 3017155.0)
SRR20079538_1	(34, 2716300.0)	(36, 3282.0)	(38, 3553.0)	(40, 3967.0)	(42, 3654.0)	(44, 4505.0)	(46, 6625.0)	(48, 10226.0)	(50, 13223.0)	(52, 14154.0)	(54, 17068.0)	(56, 28350.0)	(58, 46942.0)	(60, 61404.0)	(62, 62361.0)	(64, 68579.0)	(66, 95467.0)	(68, 138931.0)	(70, 174729.0)	(72, 196776.0)	(74, 218418.0)	(76, 254788.0)	(78, 310971.0)	(80, 375667.0)	(82, 440175.0)	(84, 490877.0)	(86, 530305.0)	(88, 582259.0)	(90, 652569.0)	(92, 700632.0)	(94, 760794.0)	(96, 1075864.0)	(98, 5848953.0)	(100, 47129276.0)
SRR20079538_2	(34, 51819.0)	(36, 3228.0)	(38, 3479.0)	(40, 3877.0)	(42, 3615.0)	(44, 4455.0)	(46, 6486.0)	(48, 9967.0)	(50, 12959.0)	(52, 13765.0)	(54, 16648.0)	(56, 27519.0)	(58, 45767.0)	(60, 59925.0)	(62, 60750.0)	(64, 66613.0)	(66, 92663.0)	(68, 134958.0)	(70, 170218.0)	(72, 190669.0)	(74, 211539.0)	(76, 246825.0)	(78, 301939.0)	(80, 365101.0)	(82, 427753.0)	(84, 476428.0)	(86, 516137.0)	(88, 569676.0)	(90, 638553.0)	(92, 690847.0)	(94, 755360.0)	(96, 1067944.0)	(98, 5889378.0)	(100, 49904784.0)
SRR20079539_1	(34, 362280.0)	(36, 310.0)	(38, 356.0)	(40, 369.0)	(42, 355.0)	(44, 430.0)	(46, 655.0)	(48, 1027.0)	(50, 1318.0)	(52, 1427.0)	(54, 1759.0)	(56, 2896.0)	(58, 4860.0)	(60, 6361.0)	(62, 6373.0)	(64, 7046.0)	(66, 9828.0)	(68, 14454.0)	(70, 18025.0)	(72, 20041.0)	(74, 22603.0)	(76, 26212.0)	(78, 31767.0)	(80, 38791.0)	(82, 44926.0)	(84, 50305.0)	(86, 54620.0)	(88, 59481.0)	(90, 67162.0)	(92, 71874.0)	(94, 78184.0)	(96, 108773.0)	(98, 574504.0)	(100, 4587734.0)
SRR20079539_2	(34, 7490.0)	(36, 216.0)	(38, 265.0)	(40, 320.0)	(42, 325.0)	(44, 398.0)	(46, 620.0)	(48, 962.0)	(50, 1244.0)	(52, 1342.0)	(54, 1663.0)	(56, 2732.0)	(58, 4606.0)	(60, 6089.0)	(62, 6069.0)	(64, 6742.0)	(66, 9409.0)	(68, 13922.0)	(70, 17405.0)	(72, 19121.0)	(74, 21707.0)	(76, 25180.0)	(78, 30631.0)	(80, 37515.0)	(82, 43526.0)	(84, 48614.0)	(86, 52743.0)	(88, 57714.0)	(90, 65129.0)	(92, 70051.0)	(94, 76316.0)	(96, 107568.0)	(98, 564401.0)	(100, 4975071.0)
SRR20079540_1	(34, 448374.0)	(36, 740.0)	(38, 891.0)	(40, 896.0)	(42, 880.0)	(44, 1063.0)	(46, 1704.0)	(48, 2711.0)	(50, 3572.0)	(52, 3998.0)	(54, 4943.0)	(56, 8594.0)	(58, 14604.0)	(60, 19943.0)	(62, 21006.0)	(64, 22964.0)	(66, 31580.0)	(68, 44185.0)	(70, 53993.0)	(72, 59037.0)	(74, 63607.0)	(76, 70014.0)	(78, 79995.0)	(80, 93092.0)	(82, 103129.0)	(84, 111009.0)	(86, 114213.0)	(88, 120958.0)	(90, 130547.0)	(92, 136587.0)	(94, 145566.0)	(96, 205154.0)	(98, 1168641.0)	(100, 9552459.0)
SRR20079540_2	(34, 14277.0)	(36, 750.0)	(38, 895.0)	(40, 886.0)	(42, 889.0)	(44, 1078.0)	(46, 1681.0)	(48, 2675.0)	(50, 3514.0)	(52, 3948.0)	(54, 4854.0)	(56, 8415.0)	(58, 14207.0)	(60, 19504.0)	(62, 20551.0)	(64, 22408.0)	(66, 30779.0)	(68, 43086.0)	(70, 52771.0)	(72, 57164.0)	(74, 61754.0)	(76, 68098.0)	(78, 77982.0)	(80, 90711.0)	(82, 100145.0)	(84, 107895.0)	(86, 111415.0)	(88, 118532.0)	(90, 128160.0)	(92, 133805.0)	(94, 143861.0)	(96, 203800.0)	(98, 1184236.0)	(100, 10005923.0)
SRR20079541_1	(34, 416216.0)	(36, 605.0)	(38, 623.0)	(40, 681.0)	(42, 628.0)	(44, 799.0)	(46, 1284.0)	(48, 1923.0)	(50, 2743.0)	(52, 2966.0)	(54, 3778.0)	(56, 6627.0)	(58, 11024.0)	(60, 14751.0)	(62, 15621.0)	(64, 17500.0)	(66, 23779.0)	(68, 33405.0)	(70, 41120.0)	(72, 44391.0)	(74, 47554.0)	(76, 52574.0)	(78, 59693.0)	(80, 69530.0)	(82, 76693.0)	(84, 82608.0)	(86, 85354.0)	(88, 90261.0)	(90, 97530.0)	(92, 101756.0)	(94, 108070.0)	(96, 149897.0)	(98, 817796.0)	(100, 6629727.0)
SRR20079541_2	(34, 15969.0)	(36, 442.0)	(38, 471.0)	(40, 588.0)	(42, 569.0)	(44, 735.0)	(46, 1228.0)	(48, 1829.0)	(50, 2595.0)	(52, 2791.0)	(54, 3549.0)	(56, 6316.0)	(58, 10537.0)	(60, 14155.0)	(62, 14929.0)	(64, 16813.0)	(66, 22746.0)	(68, 32253.0)	(70, 39711.0)	(72, 42416.0)	(74, 45823.0)	(76, 50635.0)	(78, 57755.0)	(80, 67280.0)	(82, 74143.0)	(84, 79696.0)	(86, 82393.0)	(88, 87518.0)	(90, 94558.0)	(92, 97865.0)	(94, 104571.0)	(96, 148162.0)	(98, 807003.0)	(100, 7081463.0)
SRR20079542_1	(34, 7622020.0)	(36, 5023.0)	(38, 5302.0)	(40, 5664.0)	(42, 5460.0)	(44, 5984.0)	(46, 7690.0)	(48, 11307.0)	(50, 14046.0)	(52, 14511.0)	(54, 17718.0)	(56, 27569.0)	(58, 45311.0)	(60, 59791.0)	(62, 60225.0)	(64, 65317.0)	(66, 90348.0)	(68, 131150.0)	(70, 167665.0)	(72, 191355.0)	(74, 213719.0)	(76, 249656.0)	(78, 307490.0)	(80, 386707.0)	(82, 460430.0)	(84, 523751.0)	(86, 573872.0)	(88, 644177.0)	(90, 742689.0)	(92, 831086.0)	(94, 918477.0)	(96, 1389003.0)	(98, 8613245.0)	(100, 71897945.0)
SRR20079542_2	(34, 81072.0)	(36, 4918.0)	(38, 5269.0)	(40, 5665.0)	(42, 5438.0)	(44, 5983.0)	(46, 7705.0)	(48, 11228.0)	(50, 13929.0)	(52, 14393.0)	(54, 17569.0)	(56, 27184.0)	(58, 44614.0)	(60, 58809.0)	(62, 59159.0)	(64, 64162.0)	(66, 88537.0)	(68, 128721.0)	(70, 164964.0)	(72, 187061.0)	(74, 209004.0)	(76, 244588.0)	(78, 301532.0)	(80, 379498.0)	(82, 450365.0)	(84, 513517.0)	(86, 564289.0)	(88, 636326.0)	(90, 734718.0)	(92, 817702.0)	(94, 910261.0)	(96, 1386063.0)	(98, 8747205.0)	(100, 79414255.0)
SRR20079543_1	(34, 735444.0)	(36, 416.0)	(38, 405.0)	(40, 405.0)	(42, 388.0)	(44, 446.0)	(46, 630.0)	(48, 894.0)	(50, 1133.0)	(52, 1180.0)	(54, 1448.0)	(56, 2328.0)	(58, 3736.0)	(60, 4936.0)	(62, 5049.0)	(64, 5434.0)	(66, 7543.0)	(68, 10825.0)	(70, 13852.0)	(72, 15891.0)	(74, 17805.0)	(76, 20468.0)	(78, 25231.0)	(80, 31747.0)	(82, 37287.0)	(84, 42658.0)	(86, 47118.0)	(88, 52291.0)	(90, 60828.0)	(92, 67498.0)	(94, 75300.0)	(96, 111757.0)	(98, 677596.0)	(100, 5611427.0)
SRR20079543_2	(34, 9225.0)	(36, 279.0)	(38, 315.0)	(40, 339.0)	(42, 348.0)	(44, 433.0)	(46, 589.0)	(48, 843.0)	(50, 1067.0)	(52, 1091.0)	(54, 1364.0)	(56, 2199.0)	(58, 3593.0)	(60, 4725.0)	(62, 4806.0)	(64, 5244.0)	(66, 7291.0)	(68, 10457.0)	(70, 13342.0)	(72, 15183.0)	(74, 17157.0)	(76, 19813.0)	(78, 24484.0)	(80, 30927.0)	(82, 36232.0)	(84, 41470.0)	(86, 45862.0)	(88, 51034.0)	(90, 59394.0)	(92, 65174.0)	(94, 73045.0)	(96, 110998.0)	(98, 670008.0)	(100, 6363063.0)
