Sample	0	1	2	3	4	5	6	7	8	9	10	11	12	13	14	15	16	17	18	19	20	21	22	23	24	25	26	27	28	29	30	31	32	33	34	35
SRR20079516_1	(2.0, 2876588.0)	(3.0, 0.0)	(4.0, 0.0)	(5.0, 0.0)	(6.0, 0.0)	(7.0, 0.0)	(8.0, 0.0)	(9.0, 0.0)	(10.0, 0.0)	(11.0, 0.0)	(12.0, 0.0)	(13.0, 0.0)	(14.0, 6.0)	(15.0, 30.0)	(16.0, 120.0)	(17.0, 358.0)	(18.0, 918.0)	(19.0, 2145.0)	(20.0, 4298.0)	(21.0, 9375.0)	(22.0, 19082.0)	(23.0, 38205.0)	(24.0, 66915.0)	(25.0, 103486.0)	(26.0, 141745.0)	(27.0, 191722.0)	(28.0, 251714.0)	(29.0, 337598.0)	(30.0, 433343.0)	(31.0, 565517.0)	(32.0, 706178.0)	(33.0, 930346.0)	(34.0, 1304090.0)	(35.0, 2457247.0)	(36.0, 14081285.0)	(37.0, 5720886.0)
SRR20079516_2	(2.0, 14899.0)	(3.0, 0.0)	(4.0, 0.0)	(5.0, 0.0)	(6.0, 0.0)	(7.0, 0.0)	(8.0, 0.0)	(9.0, 0.0)	(10.0, 0.0)	(11.0, 14.0)	(12.0, 338.0)	(13.0, 4330.0)	(14.0, 17943.0)	(15.0, 39553.0)	(16.0, 54196.0)	(17.0, 63919.0)	(18.0, 73748.0)	(19.0, 92882.0)	(20.0, 120805.0)	(21.0, 164360.0)	(22.0, 207025.0)	(23.0, 250853.0)	(24.0, 278883.0)	(25.0, 308903.0)	(26.0, 336137.0)	(27.0, 394531.0)	(28.0, 465515.0)	(29.0, 581526.0)	(30.0, 722629.0)	(31.0, 952599.0)	(32.0, 1254666.0)	(33.0, 1810040.0)	(34.0, 2744641.0)	(35.0, 4972992.0)	(36.0, 12030355.0)	(37.0, 2284915.0)
SRR20079517_1	(2.0, 429372.0)	(3.0, 0.0)	(4.0, 0.0)	(5.0, 0.0)	(6.0, 0.0)	(7.0, 0.0)	(8.0, 0.0)	(9.0, 0.0)	(10.0, 0.0)	(11.0, 0.0)	(12.0, 0.0)	(13.0, 0.0)	(14.0, 0.0)	(15.0, 1.0)	(16.0, 1.0)	(17.0, 16.0)	(18.0, 63.0)	(19.0, 229.0)	(20.0, 806.0)	(21.0, 2086.0)	(22.0, 4546.0)	(23.0, 8621.0)	(24.0, 12792.0)	(25.0, 16855.0)	(26.0, 20531.0)	(27.0, 26547.0)	(28.0, 34525.0)	(29.0, 48214.0)	(30.0, 65804.0)	(31.0, 95205.0)	(32.0, 132645.0)	(33.0, 194947.0)	(34.0, 297419.0)	(35.0, 674824.0)	(36.0, 1865599.0)	(37.0, 104552.0)
SRR20079517_2	(2.0, 5515.0)	(3.0, 0.0)	(4.0, 0.0)	(5.0, 0.0)	(6.0, 0.0)	(7.0, 0.0)	(8.0, 0.0)	(9.0, 0.0)	(10.0, 0.0)	(11.0, 0.0)	(12.0, 9.0)	(13.0, 117.0)	(14.0, 747.0)	(15.0, 3094.0)	(16.0, 6027.0)	(17.0, 8191.0)	(18.0, 8974.0)	(19.0, 10810.0)	(20.0, 14046.0)	(21.0, 19222.0)	(22.0, 24241.0)	(23.0, 29183.0)	(24.0, 32565.0)	(25.0, 37465.0)	(26.0, 43344.0)	(27.0, 54774.0)	(28.0, 67302.0)	(29.0, 85957.0)	(30.0, 107824.0)	(31.0, 144532.0)	(32.0, 195659.0)	(33.0, 292455.0)	(34.0, 476344.0)	(35.0, 971796.0)	(36.0, 1346189.0)	(37.0, 49818.0)
SRR20079518_1	(2.0, 831377.0)	(3.0, 0.0)	(4.0, 0.0)	(5.0, 0.0)	(6.0, 0.0)	(7.0, 0.0)	(8.0, 0.0)	(9.0, 0.0)	(10.0, 0.0)	(11.0, 0.0)	(12.0, 0.0)	(13.0, 0.0)	(14.0, 0.0)	(15.0, 1.0)	(16.0, 9.0)	(17.0, 28.0)	(18.0, 101.0)	(19.0, 366.0)	(20.0, 1066.0)	(21.0, 3133.0)	(22.0, 7775.0)	(23.0, 15476.0)	(24.0, 24857.0)	(25.0, 35875.0)	(26.0, 44696.0)	(27.0, 51070.0)	(28.0, 54157.0)	(29.0, 64348.0)	(30.0, 83141.0)	(31.0, 112448.0)	(32.0, 148225.0)	(33.0, 206612.0)	(34.0, 306638.0)	(35.0, 672310.0)	(36.0, 1687738.0)	(37.0, 85406.0)
SRR20079518_2	(2.0, 65610.0)	(3.0, 0.0)	(4.0, 0.0)	(5.0, 0.0)	(6.0, 0.0)	(7.0, 0.0)	(8.0, 0.0)	(9.0, 0.0)	(10.0, 0.0)	(11.0, 5.0)	(12.0, 27.0)	(13.0, 258.0)	(14.0, 1614.0)	(15.0, 6128.0)	(16.0, 12217.0)	(17.0, 16514.0)	(18.0, 18805.0)	(19.0, 22782.0)	(20.0, 28243.0)	(21.0, 36418.0)	(22.0, 43974.0)	(23.0, 50246.0)	(24.0, 53247.0)	(25.0, 57778.0)	(26.0, 64131.0)	(27.0, 77445.0)	(28.0, 92733.0)	(29.0, 116475.0)	(30.0, 144720.0)	(31.0, 187893.0)	(32.0, 242940.0)	(33.0, 342670.0)	(34.0, 514486.0)	(35.0, 954238.0)	(36.0, 1241196.0)	(37.0, 44060.0)
SRR20079519_1	(2.0, 5067326.0)	(3.0, 0.0)	(4.0, 0.0)	(5.0, 0.0)	(6.0, 0.0)	(7.0, 0.0)	(8.0, 0.0)	(9.0, 0.0)	(10.0, 0.0)	(11.0, 0.0)	(12.0, 0.0)	(13.0, 1.0)	(14.0, 4.0)	(15.0, 20.0)	(16.0, 116.0)	(17.0, 360.0)	(18.0, 861.0)	(19.0, 2246.0)	(20.0, 5002.0)	(21.0, 10973.0)	(22.0, 21559.0)	(23.0, 41075.0)	(24.0, 69461.0)	(25.0, 105537.0)	(26.0, 145218.0)	(27.0, 195053.0)	(28.0, 253561.0)	(29.0, 335198.0)	(30.0, 423377.0)	(31.0, 546673.0)	(32.0, 678404.0)	(33.0, 889020.0)	(34.0, 1244466.0)	(35.0, 2406180.0)	(36.0, 13039237.0)	(37.0, 4652294.0)
SRR20079519_2	(2.0, 76644.0)	(3.0, 0.0)	(4.0, 0.0)	(5.0, 0.0)	(6.0, 0.0)	(7.0, 0.0)	(8.0, 0.0)	(9.0, 0.0)	(10.0, 0.0)	(11.0, 32.0)	(12.0, 627.0)	(13.0, 8143.0)	(14.0, 35956.0)	(15.0, 84862.0)	(16.0, 118612.0)	(17.0, 139708.0)	(18.0, 154227.0)	(19.0, 183709.0)	(20.0, 222656.0)	(21.0, 280836.0)	(22.0, 329612.0)	(23.0, 374769.0)	(24.0, 392779.0)	(25.0, 419494.0)	(26.0, 443368.0)	(27.0, 502114.0)	(28.0, 570218.0)	(29.0, 682182.0)	(30.0, 814413.0)	(31.0, 1034233.0)	(32.0, 1314084.0)	(33.0, 1823841.0)	(34.0, 2659236.0)	(35.0, 4614383.0)	(36.0, 10842778.0)	(37.0, 2009706.0)
SRR20079520_1	(2.0, 782380.0)	(3.0, 0.0)	(4.0, 0.0)	(5.0, 0.0)	(6.0, 0.0)	(7.0, 0.0)	(8.0, 0.0)	(9.0, 0.0)	(10.0, 0.0)	(11.0, 0.0)	(12.0, 0.0)	(13.0, 0.0)	(14.0, 6.0)	(15.0, 57.0)	(16.0, 286.0)	(17.0, 1013.0)	(18.0, 2465.0)	(19.0, 4644.0)	(20.0, 7810.0)	(21.0, 13332.0)	(22.0, 22740.0)	(23.0, 42305.0)	(24.0, 74750.0)	(25.0, 123863.0)	(26.0, 186749.0)	(27.0, 276658.0)	(28.0, 389909.0)	(29.0, 550149.0)	(30.0, 734064.0)	(31.0, 982121.0)	(32.0, 1248974.0)	(33.0, 1677123.0)	(34.0, 2386271.0)	(35.0, 4570882.0)	(36.0, 26960863.0)	(37.0, 11088747.0)
SRR20079520_2	(2.0, 32759.0)	(3.0, 0.0)	(4.0, 0.0)	(5.0, 0.0)	(6.0, 0.0)	(7.0, 0.0)	(8.0, 0.0)	(9.0, 0.0)	(10.0, 0.0)	(11.0, 21.0)	(12.0, 181.0)	(13.0, 1633.0)	(14.0, 7511.0)	(15.0, 20511.0)	(16.0, 32842.0)	(17.0, 40965.0)	(18.0, 48200.0)	(19.0, 63290.0)	(20.0, 89885.0)	(21.0, 138108.0)	(22.0, 197129.0)	(23.0, 263155.0)	(24.0, 312425.0)	(25.0, 361126.0)	(26.0, 411735.0)	(27.0, 506760.0)	(28.0, 625204.0)	(29.0, 812886.0)	(30.0, 1044991.0)	(31.0, 1418128.0)	(32.0, 1921454.0)	(33.0, 2837793.0)	(34.0, 4445744.0)	(35.0, 8585888.0)	(36.0, 23547643.0)	(37.0, 4360194.0)
SRR20079521_1	(2.0, 96559.0)	(3.0, 0.0)	(4.0, 0.0)	(5.0, 0.0)	(6.0, 0.0)	(7.0, 0.0)	(8.0, 0.0)	(9.0, 0.0)	(10.0, 0.0)	(11.0, 0.0)	(12.0, 0.0)	(13.0, 0.0)	(14.0, 0.0)	(15.0, 0.0)	(16.0, 1.0)	(17.0, 15.0)	(18.0, 41.0)	(19.0, 160.0)	(20.0, 383.0)	(21.0, 1051.0)	(22.0, 2447.0)	(23.0, 4800.0)	(24.0, 8060.0)	(25.0, 11571.0)	(26.0, 15975.0)	(27.0, 24234.0)	(28.0, 35985.0)	(29.0, 55664.0)	(30.0, 83455.0)	(31.0, 124941.0)	(32.0, 179837.0)	(33.0, 269872.0)	(34.0, 422152.0)	(35.0, 974824.0)	(36.0, 2757439.0)	(37.0, 155789.0)
SRR20079521_2	(2.0, 4271.0)	(3.0, 0.0)	(4.0, 0.0)	(5.0, 0.0)	(6.0, 0.0)	(7.0, 0.0)	(8.0, 0.0)	(9.0, 0.0)	(10.0, 0.0)	(11.0, 0.0)	(12.0, 1.0)	(13.0, 35.0)	(14.0, 203.0)	(15.0, 880.0)	(16.0, 1791.0)	(17.0, 2784.0)	(18.0, 3290.0)	(19.0, 4457.0)	(20.0, 6183.0)	(21.0, 9588.0)	(22.0, 13431.0)	(23.0, 19216.0)	(24.0, 24381.0)	(25.0, 30995.0)	(26.0, 37688.0)	(27.0, 49935.0)	(28.0, 65005.0)	(29.0, 87387.0)	(30.0, 116688.0)	(31.0, 160337.0)	(32.0, 223968.0)	(33.0, 344435.0)	(34.0, 597228.0)	(35.0, 1331326.0)	(36.0, 2013675.0)	(37.0, 76077.0)
SRR20079522_1	(2.0, 36839578.0)	(3.0, 0.0)	(4.0, 0.0)	(5.0, 0.0)	(6.0, 0.0)	(7.0, 0.0)	(8.0, 0.0)	(9.0, 0.0)	(10.0, 0.0)	(11.0, 0.0)	(12.0, 0.0)	(13.0, 0.0)	(14.0, 0.0)	(15.0, 4.0)	(16.0, 27.0)	(17.0, 134.0)	(18.0, 524.0)	(19.0, 2376.0)	(20.0, 9712.0)	(21.0, 34201.0)	(22.0, 87974.0)	(23.0, 178291.0)	(24.0, 270021.0)	(25.0, 366119.0)	(26.0, 473892.0)	(27.0, 660712.0)	(28.0, 827215.0)	(29.0, 822239.0)	(30.0, 525675.0)	(31.0, 240383.0)	(32.0, 130733.0)	(33.0, 123200.0)	(34.0, 128052.0)	(35.0, 155517.0)	(36.0, 171851.0)	(37.0, 6120.0)
SRR20079522_2	(2.0, 2946617.0)	(3.0, 0.0)	(4.0, 0.0)	(5.0, 0.0)	(6.0, 0.0)	(7.0, 0.0)	(8.0, 0.0)	(9.0, 0.0)	(10.0, 0.0)	(11.0, 14.0)	(12.0, 355.0)	(13.0, 6720.0)	(14.0, 51522.0)	(15.0, 210886.0)	(16.0, 398199.0)	(17.0, 483875.0)	(18.0, 457317.0)	(19.0, 461277.0)	(20.0, 483053.0)	(21.0, 526910.0)	(22.0, 550399.0)	(23.0, 592193.0)	(24.0, 622651.0)	(25.0, 697799.0)	(26.0, 784083.0)	(27.0, 954253.0)	(28.0, 1145634.0)	(29.0, 1474825.0)	(30.0, 1888065.0)	(31.0, 2573125.0)	(32.0, 3442832.0)	(33.0, 4949468.0)	(34.0, 6368333.0)	(35.0, 6916788.0)	(36.0, 3035651.0)	(37.0, 31706.0)
SRR20079523_1	(2.0, 5449877.0)	(3.0, 0.0)	(4.0, 0.0)	(5.0, 0.0)	(6.0, 0.0)	(7.0, 0.0)	(8.0, 0.0)	(9.0, 0.0)	(10.0, 0.0)	(11.0, 0.0)	(12.0, 0.0)	(13.0, 0.0)	(14.0, 0.0)	(15.0, 15.0)	(16.0, 71.0)	(17.0, 215.0)	(18.0, 481.0)	(19.0, 2047.0)	(20.0, 6642.0)	(21.0, 18571.0)	(22.0, 39678.0)	(23.0, 70357.0)	(24.0, 101121.0)	(25.0, 128531.0)	(26.0, 148214.0)	(27.0, 166562.0)	(28.0, 176490.0)	(29.0, 181519.0)	(30.0, 174403.0)	(31.0, 172852.0)	(32.0, 171291.0)	(33.0, 176158.0)	(34.0, 178445.0)	(35.0, 181619.0)	(36.0, 123745.0)	(37.0, 2747.0)
SRR20079523_2	(2.0, 78913.0)	(3.0, 0.0)	(4.0, 0.0)	(5.0, 0.0)	(6.0, 0.0)	(7.0, 0.0)	(8.0, 0.0)	(9.0, 0.0)	(10.0, 0.0)	(11.0, 2.0)	(12.0, 96.0)	(13.0, 1468.0)	(14.0, 10478.0)	(15.0, 37541.0)	(16.0, 63689.0)	(17.0, 73261.0)	(18.0, 74562.0)	(19.0, 88974.0)	(20.0, 118127.0)	(21.0, 158142.0)	(22.0, 183213.0)	(23.0, 201556.0)	(24.0, 204636.0)	(25.0, 218278.0)	(26.0, 235652.0)	(27.0, 272184.0)	(28.0, 311030.0)	(29.0, 372674.0)	(30.0, 438788.0)	(31.0, 546231.0)	(32.0, 667814.0)	(33.0, 867241.0)	(34.0, 1012300.0)	(35.0, 996500.0)	(36.0, 432968.0)	(37.0, 5333.0)
SRR20079524_1	(2.0, 5798440.0)	(3.0, 0.0)	(4.0, 0.0)	(5.0, 0.0)	(6.0, 0.0)	(7.0, 0.0)	(8.0, 0.0)	(9.0, 0.0)	(10.0, 0.0)	(11.0, 0.0)	(12.0, 0.0)	(13.0, 0.0)	(14.0, 0.0)	(15.0, 7.0)	(16.0, 24.0)	(17.0, 88.0)	(18.0, 237.0)	(19.0, 738.0)	(20.0, 2153.0)	(21.0, 4741.0)	(22.0, 9116.0)	(23.0, 14228.0)	(24.0, 20535.0)	(25.0, 27510.0)	(26.0, 34094.0)	(27.0, 41032.0)	(28.0, 46070.0)	(29.0, 50344.0)	(30.0, 52996.0)	(31.0, 55134.0)	(32.0, 53323.0)	(33.0, 53026.0)	(34.0, 50385.0)	(35.0, 48404.0)	(36.0, 85947.0)	(37.0, 26921.0)
SRR20079524_2	(2.0, 8682.0)	(3.0, 0.0)	(4.0, 0.0)	(5.0, 0.0)	(6.0, 0.0)	(7.0, 0.0)	(8.0, 0.0)	(9.0, 0.0)	(10.0, 0.0)	(11.0, 12.0)	(12.0, 559.0)	(13.0, 9320.0)	(14.0, 39376.0)	(15.0, 83128.0)	(16.0, 106080.0)	(17.0, 118190.0)	(18.0, 123148.0)	(19.0, 137882.0)	(20.0, 154012.0)	(21.0, 175233.0)	(22.0, 186489.0)	(23.0, 201740.0)	(24.0, 207831.0)	(25.0, 224366.0)	(26.0, 234526.0)	(27.0, 256020.0)	(28.0, 275028.0)	(29.0, 308048.0)	(30.0, 336318.0)	(31.0, 389143.0)	(32.0, 437964.0)	(33.0, 525463.0)	(34.0, 614517.0)	(35.0, 718822.0)	(36.0, 572887.0)	(37.0, 30709.0)
SRR20079525_1	(2.0, 978370.0)	(3.0, 0.0)	(4.0, 0.0)	(5.0, 0.0)	(6.0, 0.0)	(7.0, 0.0)	(8.0, 0.0)	(9.0, 0.0)	(10.0, 0.0)	(11.0, 0.0)	(12.0, 0.0)	(13.0, 0.0)	(14.0, 0.0)	(15.0, 2.0)	(16.0, 6.0)	(17.0, 28.0)	(18.0, 84.0)	(19.0, 295.0)	(20.0, 840.0)	(21.0, 2113.0)	(22.0, 4378.0)	(23.0, 8173.0)	(24.0, 12042.0)	(25.0, 16303.0)	(26.0, 20932.0)	(27.0, 28091.0)	(28.0, 38398.0)	(29.0, 55839.0)	(30.0, 79505.0)	(31.0, 118810.0)	(32.0, 175010.0)	(33.0, 270390.0)	(34.0, 435032.0)	(35.0, 1056608.0)	(36.0, 3125450.0)	(37.0, 182768.0)
SRR20079525_2	(2.0, 11913.0)	(3.0, 0.0)	(4.0, 0.0)	(5.0, 0.0)	(6.0, 0.0)	(7.0, 0.0)	(8.0, 0.0)	(9.0, 0.0)	(10.0, 0.0)	(11.0, 1.0)	(12.0, 19.0)	(13.0, 255.0)	(14.0, 1791.0)	(15.0, 7536.0)	(16.0, 14115.0)	(17.0, 17653.0)	(18.0, 18374.0)	(19.0, 20070.0)	(20.0, 23882.0)	(21.0, 29846.0)	(22.0, 35590.0)	(23.0, 41672.0)	(24.0, 46727.0)	(25.0, 53606.0)	(26.0, 63034.0)	(27.0, 79380.0)	(28.0, 99303.0)	(29.0, 131303.0)	(30.0, 169632.0)	(31.0, 235237.0)	(32.0, 323935.0)	(33.0, 492157.0)	(34.0, 804092.0)	(35.0, 1633291.0)	(36.0, 2178587.0)	(37.0, 76466.0)
SRR20079526_1	(2.0, 12091252.0)	(3.0, 0.0)	(4.0, 0.0)	(5.0, 0.0)	(6.0, 0.0)	(7.0, 0.0)	(8.0, 0.0)	(9.0, 0.0)	(10.0, 0.0)	(11.0, 0.0)	(12.0, 0.0)	(13.0, 0.0)	(14.0, 15.0)	(15.0, 80.0)	(16.0, 368.0)	(17.0, 1332.0)	(18.0, 3370.0)	(19.0, 7424.0)	(20.0, 15541.0)	(21.0, 33138.0)	(22.0, 66716.0)	(23.0, 131089.0)	(24.0, 225437.0)	(25.0, 351098.0)	(26.0, 482602.0)	(27.0, 649150.0)	(28.0, 845260.0)	(29.0, 1129313.0)	(30.0, 1450275.0)	(31.0, 1887443.0)	(32.0, 2353173.0)	(33.0, 3097563.0)	(34.0, 4312895.0)	(35.0, 8047525.0)	(36.0, 45977206.0)	(37.0, 18949362.0)
SRR20079526_2	(2.0, 60182.0)	(3.0, 0.0)	(4.0, 0.0)	(5.0, 0.0)	(6.0, 0.0)	(7.0, 0.0)	(8.0, 0.0)	(9.0, 1.0)	(10.0, 0.0)	(11.0, 62.0)	(12.0, 1203.0)	(13.0, 16750.0)	(14.0, 88486.0)	(15.0, 241006.0)	(16.0, 352649.0)	(17.0, 408343.0)	(18.0, 437508.0)	(19.0, 511375.0)	(20.0, 619371.0)	(21.0, 796150.0)	(22.0, 963073.0)	(23.0, 1147017.0)	(24.0, 1252638.0)	(25.0, 1371754.0)	(26.0, 1472154.0)	(27.0, 1685860.0)	(28.0, 1930308.0)	(29.0, 2330261.0)	(30.0, 2796834.0)	(31.0, 3548384.0)	(32.0, 4507828.0)	(33.0, 6248413.0)	(34.0, 9058425.0)	(35.0, 15739287.0)	(36.0, 37799097.0)	(37.0, 6724208.0)
SRR20079527_1	(2.0, 20144888.0)	(3.0, 0.0)	(4.0, 0.0)	(5.0, 0.0)	(6.0, 0.0)	(7.0, 0.0)	(8.0, 0.0)	(9.0, 0.0)	(10.0, 0.0)	(11.0, 0.0)	(12.0, 1.0)	(13.0, 0.0)	(14.0, 12.0)	(15.0, 87.0)	(16.0, 455.0)	(17.0, 1512.0)	(18.0, 5039.0)	(19.0, 18250.0)	(20.0, 57371.0)	(21.0, 160989.0)	(22.0, 360808.0)	(23.0, 691644.0)	(24.0, 1046299.0)	(25.0, 1396136.0)	(26.0, 1684068.0)	(27.0, 2062854.0)	(28.0, 2514673.0)	(29.0, 3231556.0)	(30.0, 4113457.0)	(31.0, 5481198.0)	(32.0, 7195367.0)	(33.0, 9984459.0)	(34.0, 14519401.0)	(35.0, 31015844.0)	(36.0, 85134005.0)	(37.0, 4717548.0)
SRR20079527_2	(2.0, 207798.0)	(3.0, 0.0)	(4.0, 0.0)	(5.0, 0.0)	(6.0, 0.0)	(7.0, 0.0)	(8.0, 0.0)	(9.0, 0.0)	(10.0, 0.0)	(11.0, 114.0)	(12.0, 1139.0)	(13.0, 8241.0)	(14.0, 46746.0)	(15.0, 184597.0)	(16.0, 387067.0)	(17.0, 574596.0)	(18.0, 721215.0)	(19.0, 949174.0)	(20.0, 1280942.0)	(21.0, 1747528.0)	(22.0, 2146385.0)	(23.0, 2472382.0)	(24.0, 2584185.0)	(25.0, 2751218.0)	(26.0, 2983072.0)	(27.0, 3508564.0)	(28.0, 4117552.0)	(29.0, 5033876.0)	(30.0, 6068476.0)	(31.0, 7734342.0)	(32.0, 9865929.0)	(33.0, 13928491.0)	(34.0, 21567168.0)	(35.0, 42953034.0)	(36.0, 59658750.0)	(37.0, 2055340.0)
SRR20079528_1	(2.0, 502373.0)	(3.0, 0.0)	(4.0, 0.0)	(5.0, 0.0)	(6.0, 0.0)	(7.0, 0.0)	(8.0, 0.0)	(9.0, 0.0)	(10.0, 0.0)	(11.0, 0.0)	(12.0, 0.0)	(13.0, 0.0)	(14.0, 1.0)	(15.0, 0.0)	(16.0, 6.0)	(17.0, 26.0)	(18.0, 83.0)	(19.0, 263.0)	(20.0, 902.0)	(21.0, 2417.0)	(22.0, 5725.0)	(23.0, 11300.0)	(24.0, 17857.0)	(25.0, 24894.0)	(26.0, 32392.0)	(27.0, 44656.0)	(28.0, 63510.0)	(29.0, 96049.0)	(30.0, 141326.0)	(31.0, 209742.0)	(32.0, 302170.0)	(33.0, 453229.0)	(34.0, 711015.0)	(35.0, 1649594.0)	(36.0, 4659991.0)	(37.0, 284601.0)
SRR20079528_2	(2.0, 6532.0)	(3.0, 0.0)	(4.0, 0.0)	(5.0, 0.0)	(6.0, 0.0)	(7.0, 0.0)	(8.0, 0.0)	(9.0, 0.0)	(10.0, 0.0)	(11.0, 0.0)	(12.0, 7.0)	(13.0, 130.0)	(14.0, 898.0)	(15.0, 3670.0)	(16.0, 7359.0)	(17.0, 9713.0)	(18.0, 10451.0)	(19.0, 12671.0)	(20.0, 16463.0)	(21.0, 23705.0)	(22.0, 31397.0)	(23.0, 40937.0)	(24.0, 48623.0)	(25.0, 58357.0)	(26.0, 71225.0)	(27.0, 91791.0)	(28.0, 117721.0)	(29.0, 157766.0)	(30.0, 206009.0)	(31.0, 284816.0)	(32.0, 395021.0)	(33.0, 609144.0)	(34.0, 1048289.0)	(35.0, 2317636.0)	(36.0, 3500393.0)	(37.0, 143398.0)
SRR20079529_1	(2.0, 1347125.0)	(3.0, 0.0)	(4.0, 0.0)	(5.0, 0.0)	(6.0, 0.0)	(7.0, 0.0)	(8.0, 0.0)	(9.0, 0.0)	(10.0, 0.0)	(11.0, 0.0)	(12.0, 0.0)	(13.0, 0.0)	(14.0, 1.0)	(15.0, 17.0)	(16.0, 94.0)	(17.0, 346.0)	(18.0, 841.0)	(19.0, 1921.0)	(20.0, 3591.0)	(21.0, 7796.0)	(22.0, 15432.0)	(23.0, 31316.0)	(24.0, 56911.0)	(25.0, 91170.0)	(26.0, 126290.0)	(27.0, 173852.0)	(28.0, 230262.0)	(29.0, 313905.0)	(30.0, 409304.0)	(31.0, 539197.0)	(32.0, 681612.0)	(33.0, 907357.0)	(34.0, 1278671.0)	(35.0, 2441772.0)	(36.0, 13813942.0)	(37.0, 5628527.0)
SRR20079529_2	(2.0, 12349.0)	(3.0, 0.0)	(4.0, 0.0)	(5.0, 0.0)	(6.0, 0.0)	(7.0, 0.0)	(8.0, 0.0)	(9.0, 0.0)	(10.0, 0.0)	(11.0, 12.0)	(12.0, 117.0)	(13.0, 1643.0)	(14.0, 8585.0)	(15.0, 23777.0)	(16.0, 36231.0)	(17.0, 43277.0)	(18.0, 47673.0)	(19.0, 57712.0)	(20.0, 74462.0)	(21.0, 103911.0)	(22.0, 138241.0)	(23.0, 177178.0)	(24.0, 202572.0)	(25.0, 227720.0)	(26.0, 251610.0)	(27.0, 299184.0)	(28.0, 360969.0)	(29.0, 461833.0)	(30.0, 587058.0)	(31.0, 785927.0)	(32.0, 1050465.0)	(33.0, 1532257.0)	(34.0, 2357918.0)	(35.0, 4495897.0)	(36.0, 12346030.0)	(37.0, 2416644.0)
SRR20079530_1	(2.0, 5591250.0)	(3.0, 0.0)	(4.0, 0.0)	(5.0, 0.0)	(6.0, 0.0)	(7.0, 0.0)	(8.0, 0.0)	(9.0, 0.0)	(10.0, 0.0)	(11.0, 0.0)	(12.0, 0.0)	(13.0, 1.0)	(14.0, 7.0)	(15.0, 70.0)	(16.0, 341.0)	(17.0, 1086.0)	(18.0, 2742.0)	(19.0, 6432.0)	(20.0, 14711.0)	(21.0, 33809.0)	(22.0, 71719.0)	(23.0, 144520.0)	(24.0, 251392.0)	(25.0, 386959.0)	(26.0, 522693.0)	(27.0, 673750.0)	(28.0, 823404.0)	(29.0, 1040058.0)	(30.0, 1283180.0)	(31.0, 1614699.0)	(32.0, 1955936.0)	(33.0, 2485029.0)	(34.0, 3321174.0)	(35.0, 5869674.0)	(36.0, 32784387.0)	(37.0, 13482582.0)
SRR20079530_2	(2.0, 31458.0)	(3.0, 0.0)	(4.0, 0.0)	(5.0, 0.0)	(6.0, 0.0)	(7.0, 0.0)	(8.0, 0.0)	(9.0, 0.0)	(10.0, 0.0)	(11.0, 113.0)	(12.0, 1683.0)	(13.0, 17426.0)	(14.0, 68275.0)	(15.0, 149229.0)	(16.0, 203406.0)	(17.0, 246602.0)	(18.0, 290214.0)	(19.0, 381803.0)	(20.0, 520989.0)	(21.0, 718920.0)	(22.0, 898404.0)	(23.0, 1053461.0)	(24.0, 1115031.0)	(25.0, 1163502.0)	(26.0, 1203672.0)	(27.0, 1328896.0)	(28.0, 1475525.0)	(29.0, 1735281.0)	(30.0, 2037162.0)	(31.0, 2547887.0)	(32.0, 3202071.0)	(33.0, 4432164.0)	(34.0, 6460343.0)	(35.0, 11117831.0)	(36.0, 25460919.0)	(37.0, 4499338.0)
SRR20079531_1	(2.0, 875446.0)	(3.0, 0.0)	(4.0, 0.0)	(5.0, 0.0)	(6.0, 0.0)	(7.0, 0.0)	(8.0, 0.0)	(9.0, 0.0)	(10.0, 0.0)	(11.0, 0.0)	(12.0, 0.0)	(13.0, 0.0)	(14.0, 2.0)	(15.0, 2.0)	(16.0, 31.0)	(17.0, 67.0)	(18.0, 292.0)	(19.0, 1163.0)	(20.0, 3725.0)	(21.0, 10254.0)	(22.0, 22677.0)	(23.0, 43233.0)	(24.0, 65974.0)	(25.0, 88769.0)	(26.0, 105067.0)	(27.0, 126208.0)	(28.0, 145472.0)	(29.0, 176197.0)	(30.0, 213776.0)	(31.0, 272313.0)	(32.0, 343772.0)	(33.0, 460519.0)	(34.0, 650600.0)	(35.0, 1312021.0)	(36.0, 3368468.0)	(37.0, 181934.0)
SRR20079531_2	(2.0, 7480.0)	(3.0, 0.0)	(4.0, 0.0)	(5.0, 0.0)	(6.0, 0.0)	(7.0, 0.0)	(8.0, 0.0)	(9.0, 0.0)	(10.0, 0.0)	(11.0, 4.0)	(12.0, 46.0)	(13.0, 293.0)	(14.0, 1624.0)	(15.0, 6726.0)	(16.0, 14617.0)	(17.0, 23209.0)	(18.0, 30809.0)	(19.0, 44748.0)	(20.0, 65521.0)	(21.0, 93628.0)	(22.0, 116699.0)	(23.0, 134510.0)	(24.0, 140149.0)	(25.0, 146972.0)	(26.0, 157222.0)	(27.0, 184145.0)	(28.0, 212201.0)	(29.0, 254933.0)	(30.0, 301991.0)	(31.0, 376492.0)	(32.0, 469578.0)	(33.0, 644996.0)	(34.0, 966657.0)	(35.0, 1800600.0)	(36.0, 2201967.0)	(37.0, 70165.0)
SRR20079532_1	(2.0, 12429614.0)	(3.0, 0.0)	(4.0, 0.0)	(5.0, 0.0)	(6.0, 0.0)	(7.0, 0.0)	(8.0, 0.0)	(9.0, 0.0)	(10.0, 0.0)	(11.0, 0.0)	(12.0, 0.0)	(13.0, 0.0)	(14.0, 7.0)	(15.0, 44.0)	(16.0, 291.0)	(17.0, 711.0)	(18.0, 1769.0)	(19.0, 6598.0)	(20.0, 20839.0)	(21.0, 55659.0)	(22.0, 118501.0)	(23.0, 211243.0)	(24.0, 302989.0)	(25.0, 386482.0)	(26.0, 445610.0)	(27.0, 498954.0)	(28.0, 521465.0)	(29.0, 543014.0)	(30.0, 533965.0)	(31.0, 539412.0)	(32.0, 535715.0)	(33.0, 551251.0)	(34.0, 550561.0)	(35.0, 531942.0)	(36.0, 321680.0)	(37.0, 6840.0)
SRR20079532_2	(2.0, 87552.0)	(3.0, 0.0)	(4.0, 0.0)	(5.0, 0.0)	(6.0, 0.0)	(7.0, 0.0)	(8.0, 0.0)	(9.0, 0.0)	(10.0, 0.0)	(11.0, 4.0)	(12.0, 127.0)	(13.0, 2426.0)	(14.0, 19121.0)	(15.0, 80437.0)	(16.0, 155889.0)	(17.0, 193425.0)	(18.0, 201697.0)	(19.0, 250033.0)	(20.0, 345070.0)	(21.0, 474774.0)	(22.0, 565533.0)	(23.0, 630667.0)	(24.0, 647921.0)	(25.0, 690922.0)	(26.0, 742536.0)	(27.0, 850874.0)	(28.0, 951986.0)	(29.0, 1111350.0)	(30.0, 1257129.0)	(31.0, 1487462.0)	(32.0, 1695365.0)	(33.0, 1998596.0)	(34.0, 2074243.0)	(35.0, 1819183.0)	(36.0, 770135.0)	(37.0, 10699.0)
SRR20079533_1	(2.0, 581906.0)	(3.0, 0.0)	(4.0, 0.0)	(5.0, 0.0)	(6.0, 0.0)	(7.0, 0.0)	(8.0, 0.0)	(9.0, 0.0)	(10.0, 0.0)	(11.0, 0.0)	(12.0, 0.0)	(13.0, 0.0)	(14.0, 0.0)	(15.0, 3.0)	(16.0, 7.0)	(17.0, 9.0)	(18.0, 38.0)	(19.0, 105.0)	(20.0, 257.0)	(21.0, 634.0)	(22.0, 1176.0)	(23.0, 2034.0)	(24.0, 2965.0)	(25.0, 4107.0)	(26.0, 5090.0)	(27.0, 6126.0)	(28.0, 6736.0)	(29.0, 7127.0)	(30.0, 7271.0)	(31.0, 7346.0)	(32.0, 6755.0)	(33.0, 5895.0)	(34.0, 4974.0)	(35.0, 4076.0)	(36.0, 7629.0)	(37.0, 2375.0)
SRR20079533_2	(2.0, 298.0)	(3.0, 0.0)	(4.0, 0.0)	(5.0, 0.0)	(6.0, 0.0)	(7.0, 0.0)	(8.0, 0.0)	(9.0, 0.0)	(10.0, 0.0)	(11.0, 1.0)	(12.0, 22.0)	(13.0, 557.0)	(14.0, 3317.0)	(15.0, 9340.0)	(16.0, 13109.0)	(17.0, 15021.0)	(18.0, 15427.0)	(19.0, 17111.0)	(20.0, 19212.0)	(21.0, 21949.0)	(22.0, 23918.0)	(23.0, 25565.0)	(24.0, 26278.0)	(25.0, 27982.0)	(26.0, 28664.0)	(27.0, 31170.0)	(28.0, 32696.0)	(29.0, 35711.0)	(30.0, 37527.0)	(31.0, 42644.0)	(32.0, 46376.0)	(33.0, 52244.0)	(34.0, 55159.0)	(35.0, 51688.0)	(36.0, 29947.0)	(37.0, 1708.0)
SRR20079534_1	(2.0, 3270184.0)	(3.0, 0.0)	(4.0, 0.0)	(5.0, 0.0)	(6.0, 0.0)	(7.0, 0.0)	(8.0, 0.0)	(9.0, 0.0)	(10.0, 0.0)	(11.0, 0.0)	(12.0, 0.0)	(13.0, 0.0)	(14.0, 0.0)	(15.0, 1.0)	(16.0, 3.0)	(17.0, 16.0)	(18.0, 26.0)	(19.0, 145.0)	(20.0, 373.0)	(21.0, 956.0)	(22.0, 1720.0)	(23.0, 2402.0)	(24.0, 2884.0)	(25.0, 3012.0)	(26.0, 3286.0)	(27.0, 3554.0)	(28.0, 3744.0)	(29.0, 3975.0)	(30.0, 4157.0)	(31.0, 4536.0)	(32.0, 4920.0)	(33.0, 5273.0)	(34.0, 5500.0)	(35.0, 8498.0)	(36.0, 39907.0)	(37.0, 14011.0)
SRR20079534_2	(2.0, 392.0)	(3.0, 0.0)	(4.0, 0.0)	(5.0, 0.0)	(6.0, 0.0)	(7.0, 0.0)	(8.0, 0.0)	(9.0, 0.0)	(10.0, 0.0)	(11.0, 3.0)	(12.0, 132.0)	(13.0, 3008.0)	(14.0, 20125.0)	(15.0, 61202.0)	(16.0, 92730.0)	(17.0, 104394.0)	(18.0, 104988.0)	(19.0, 110674.0)	(20.0, 114307.0)	(21.0, 124038.0)	(22.0, 127976.0)	(23.0, 137058.0)	(24.0, 139378.0)	(25.0, 149369.0)	(26.0, 153458.0)	(27.0, 164352.0)	(28.0, 172703.0)	(29.0, 187997.0)	(30.0, 199501.0)	(31.0, 222896.0)	(32.0, 238830.0)	(33.0, 256228.0)	(34.0, 235867.0)	(35.0, 171056.0)	(36.0, 83840.0)	(37.0, 6581.0)
SRR20079535_1	(2.0, 16092331.0)	(3.0, 0.0)	(4.0, 0.0)	(5.0, 0.0)	(6.0, 0.0)	(7.0, 0.0)	(8.0, 0.0)	(9.0, 0.0)	(10.0, 0.0)	(11.0, 0.0)	(12.0, 0.0)	(13.0, 0.0)	(14.0, 1.0)	(15.0, 5.0)	(16.0, 13.0)	(17.0, 93.0)	(18.0, 300.0)	(19.0, 1227.0)	(20.0, 4063.0)	(21.0, 12421.0)	(22.0, 27586.0)	(23.0, 49790.0)	(24.0, 66167.0)	(25.0, 74901.0)	(26.0, 74420.0)	(27.0, 73525.0)	(28.0, 68537.0)	(29.0, 64420.0)	(30.0, 57283.0)	(31.0, 53356.0)	(32.0, 49026.0)	(33.0, 48776.0)	(34.0, 49857.0)	(35.0, 71393.0)	(36.0, 136854.0)	(37.0, 5322.0)
SRR20079535_2	(2.0, 20791.0)	(3.0, 0.0)	(4.0, 0.0)	(5.0, 0.0)	(6.0, 0.0)	(7.0, 0.0)	(8.0, 0.0)	(9.0, 0.0)	(10.0, 0.0)	(11.0, 8.0)	(12.0, 193.0)	(13.0, 3871.0)	(14.0, 28332.0)	(15.0, 111542.0)	(16.0, 199131.0)	(17.0, 231875.0)	(18.0, 216190.0)	(19.0, 220864.0)	(20.0, 236128.0)	(21.0, 266797.0)	(22.0, 287464.0)	(23.0, 313631.0)	(24.0, 329045.0)	(25.0, 364171.0)	(26.0, 406698.0)	(27.0, 488472.0)	(28.0, 582158.0)	(29.0, 743708.0)	(30.0, 932251.0)	(31.0, 1240075.0)	(32.0, 1603238.0)	(33.0, 2180651.0)	(34.0, 2579130.0)	(35.0, 2485453.0)	(36.0, 999164.0)	(37.0, 10636.0)
SRR20079536_1	(2.0, 541586.0)	(3.0, 0.0)	(4.0, 0.0)	(5.0, 0.0)	(6.0, 0.0)	(7.0, 0.0)	(8.0, 0.0)	(9.0, 0.0)	(10.0, 0.0)	(11.0, 0.0)	(12.0, 0.0)	(13.0, 0.0)	(14.0, 0.0)	(15.0, 2.0)	(16.0, 22.0)	(17.0, 69.0)	(18.0, 207.0)	(19.0, 831.0)	(20.0, 2471.0)	(21.0, 6802.0)	(22.0, 14900.0)	(23.0, 28232.0)	(24.0, 43316.0)	(25.0, 59618.0)	(26.0, 75771.0)	(27.0, 101077.0)	(28.0, 136832.0)	(29.0, 197172.0)	(30.0, 276929.0)	(31.0, 404293.0)	(32.0, 574901.0)	(33.0, 852328.0)	(34.0, 1320617.0)	(35.0, 3059339.0)	(36.0, 8660755.0)	(37.0, 503803.0)
SRR20079536_2	(2.0, 15061.0)	(3.0, 0.0)	(4.0, 0.0)	(5.0, 0.0)	(6.0, 0.0)	(7.0, 0.0)	(8.0, 0.0)	(9.0, 0.0)	(10.0, 0.0)	(11.0, 2.0)	(12.0, 26.0)	(13.0, 217.0)	(14.0, 1212.0)	(15.0, 4681.0)	(16.0, 9639.0)	(17.0, 15484.0)	(18.0, 21122.0)	(19.0, 29994.0)	(20.0, 45121.0)	(21.0, 67264.0)	(22.0, 87296.0)	(23.0, 107430.0)	(24.0, 120016.0)	(25.0, 137640.0)	(26.0, 161993.0)	(27.0, 205873.0)	(28.0, 258824.0)	(29.0, 338979.0)	(30.0, 438518.0)	(31.0, 595834.0)	(32.0, 819609.0)	(33.0, 1268707.0)	(34.0, 2183672.0)	(35.0, 4473999.0)	(36.0, 5275705.0)	(37.0, 177955.0)
SRR20079537_1	(2.0, 101862.0)	(3.0, 0.0)	(4.0, 0.0)	(5.0, 0.0)	(6.0, 0.0)	(7.0, 0.0)	(8.0, 0.0)	(9.0, 0.0)	(10.0, 0.0)	(11.0, 0.0)	(12.0, 0.0)	(13.0, 0.0)	(14.0, 0.0)	(15.0, 4.0)	(16.0, 9.0)	(17.0, 45.0)	(18.0, 85.0)	(19.0, 197.0)	(20.0, 475.0)	(21.0, 920.0)	(22.0, 1921.0)	(23.0, 3747.0)	(24.0, 6851.0)	(25.0, 11170.0)	(26.0, 16223.0)	(27.0, 23605.0)	(28.0, 31888.0)	(29.0, 44057.0)	(30.0, 57998.0)	(31.0, 76369.0)	(32.0, 96463.0)	(33.0, 126211.0)	(34.0, 178965.0)	(35.0, 336713.0)	(36.0, 1961322.0)	(37.0, 824354.0)
SRR20079537_2	(2.0, 1589.0)	(3.0, 0.0)	(4.0, 0.0)	(5.0, 0.0)	(6.0, 0.0)	(7.0, 0.0)	(8.0, 0.0)	(9.0, 0.0)	(10.0, 0.0)	(11.0, 2.0)	(12.0, 34.0)	(13.0, 299.0)	(14.0, 1147.0)	(15.0, 2617.0)	(16.0, 3550.0)	(17.0, 4339.0)	(18.0, 5266.0)	(19.0, 7706.0)	(20.0, 11278.0)	(21.0, 16902.0)	(22.0, 22994.0)	(23.0, 29054.0)	(24.0, 33480.0)	(25.0, 38358.0)	(26.0, 42365.0)	(27.0, 50890.0)	(28.0, 61309.0)	(29.0, 76999.0)	(30.0, 96911.0)	(31.0, 129277.0)	(32.0, 172435.0)	(33.0, 251137.0)	(34.0, 379135.0)	(35.0, 669269.0)	(36.0, 1519024.0)	(37.0, 274088.0)
SRR20079538_1	(2.0, 2696437.0)	(3.0, 0.0)	(4.0, 0.0)	(5.0, 0.0)	(6.0, 0.0)	(7.0, 0.0)	(8.0, 0.0)	(9.0, 0.0)	(10.0, 0.0)	(11.0, 0.0)	(12.0, 0.0)	(13.0, 1.0)	(14.0, 3.0)	(15.0, 40.0)	(16.0, 230.0)	(17.0, 794.0)	(18.0, 1920.0)	(19.0, 4335.0)	(20.0, 8822.0)	(21.0, 19426.0)	(22.0, 41017.0)	(23.0, 86824.0)	(24.0, 155991.0)	(25.0, 248203.0)	(26.0, 340494.0)	(27.0, 451925.0)	(28.0, 576039.0)	(29.0, 761315.0)	(30.0, 974591.0)	(31.0, 1266405.0)	(32.0, 1581002.0)	(33.0, 2079510.0)	(34.0, 2894272.0)	(35.0, 5392315.0)	(36.0, 30893431.0)	(37.0, 12566302.0)
SRR20079538_2	(2.0, 32726.0)	(3.0, 0.0)	(4.0, 0.0)	(5.0, 0.0)	(6.0, 0.0)	(7.0, 0.0)	(8.0, 0.0)	(9.0, 0.0)	(10.0, 0.0)	(11.0, 51.0)	(12.0, 702.0)	(13.0, 6718.0)	(14.0, 29281.0)	(15.0, 73377.0)	(16.0, 109140.0)	(17.0, 132304.0)	(18.0, 152146.0)	(19.0, 188789.0)	(20.0, 250471.0)	(21.0, 348362.0)	(22.0, 446311.0)	(23.0, 539476.0)	(24.0, 586601.0)	(25.0, 624655.0)	(26.0, 660541.0)	(27.0, 759008.0)	(28.0, 885531.0)	(29.0, 1097141.0)	(30.0, 1357707.0)	(31.0, 1787870.0)	(32.0, 2355847.0)	(33.0, 3391212.0)	(34.0, 5209524.0)	(35.0, 9890085.0)	(36.0, 27101528.0)	(37.0, 5024540.0)
SRR20079539_1	(2.0, 360079.0)	(3.0, 0.0)	(4.0, 0.0)	(5.0, 0.0)	(6.0, 0.0)	(7.0, 0.0)	(8.0, 0.0)	(9.0, 0.0)	(10.0, 0.0)	(11.0, 0.0)	(12.0, 0.0)	(13.0, 0.0)	(14.0, 0.0)	(15.0, 3.0)	(16.0, 2.0)	(17.0, 19.0)	(18.0, 74.0)	(19.0, 175.0)	(20.0, 523.0)	(21.0, 1377.0)	(22.0, 3026.0)	(23.0, 5821.0)	(24.0, 8980.0)	(25.0, 12988.0)	(26.0, 17660.0)	(27.0, 26164.0)	(28.0, 38946.0)	(29.0, 59644.0)	(30.0, 89047.0)	(31.0, 135030.0)	(32.0, 195830.0)	(33.0, 295588.0)	(34.0, 462867.0)	(35.0, 1102149.0)	(36.0, 3275089.0)	(37.0, 186025.0)
SRR20079539_2	(2.0, 5579.0)	(3.0, 0.0)	(4.0, 0.0)	(5.0, 0.0)	(6.0, 0.0)	(7.0, 0.0)	(8.0, 0.0)	(9.0, 0.0)	(10.0, 0.0)	(11.0, 3.0)	(12.0, 18.0)	(13.0, 152.0)	(14.0, 792.0)	(15.0, 3379.0)	(16.0, 7514.0)	(17.0, 11300.0)	(18.0, 13470.0)	(19.0, 15966.0)	(20.0, 19119.0)	(21.0, 23394.0)	(22.0, 27840.0)	(23.0, 32527.0)	(24.0, 34701.0)	(25.0, 40150.0)	(26.0, 46958.0)	(27.0, 59987.0)	(28.0, 76261.0)	(29.0, 101879.0)	(30.0, 133389.0)	(31.0, 186216.0)	(32.0, 257255.0)	(33.0, 396548.0)	(34.0, 691013.0)	(35.0, 1580078.0)	(36.0, 2421441.0)	(37.0, 90177.0)
SRR20079540_1	(2.0, 442706.0)	(3.0, 0.0)	(4.0, 0.0)	(5.0, 0.0)	(6.0, 0.0)	(7.0, 0.0)	(8.0, 0.0)	(9.0, 0.0)	(10.0, 0.0)	(11.0, 0.0)	(12.0, 0.0)	(13.0, 0.0)	(14.0, 1.0)	(15.0, 20.0)	(16.0, 63.0)	(17.0, 198.0)	(18.0, 533.0)	(19.0, 1097.0)	(20.0, 2250.0)	(21.0, 4437.0)	(22.0, 8102.0)	(23.0, 15566.0)	(24.0, 26535.0)	(25.0, 42006.0)	(26.0, 61322.0)	(27.0, 87669.0)	(28.0, 118020.0)	(29.0, 160539.0)	(30.0, 206292.0)	(31.0, 268886.0)	(32.0, 334912.0)	(33.0, 439310.0)	(34.0, 614910.0)	(35.0, 1182564.0)	(36.0, 6471065.0)	(37.0, 2351646.0)
SRR20079540_2	(2.0, 8817.0)	(3.0, 0.0)	(4.0, 0.0)	(5.0, 0.0)	(6.0, 0.0)	(7.0, 0.0)	(8.0, 0.0)	(9.0, 0.0)	(10.0, 0.0)	(11.0, 9.0)	(12.0, 80.0)	(13.0, 1058.0)	(14.0, 4665.0)	(15.0, 10560.0)	(16.0, 15031.0)	(17.0, 18315.0)	(18.0, 21846.0)	(19.0, 29632.0)	(20.0, 42432.0)	(21.0, 60060.0)	(22.0, 80178.0)	(23.0, 100484.0)	(24.0, 114070.0)	(25.0, 127686.0)	(26.0, 140375.0)	(27.0, 166097.0)	(28.0, 195868.0)	(29.0, 243437.0)	(30.0, 299739.0)	(31.0, 393180.0)	(32.0, 519163.0)	(33.0, 748077.0)	(34.0, 1140216.0)	(35.0, 2098269.0)	(36.0, 5278997.0)	(37.0, 982308.0)
SRR20079541_1	(2.0, 411907.0)	(3.0, 0.0)	(4.0, 0.0)	(5.0, 0.0)	(6.0, 0.0)	(7.0, 0.0)	(8.0, 0.0)	(9.0, 0.0)	(10.0, 0.0)	(11.0, 0.0)	(12.0, 0.0)	(13.0, 0.0)	(14.0, 0.0)	(15.0, 2.0)	(16.0, 16.0)	(17.0, 46.0)	(18.0, 164.0)	(19.0, 583.0)	(20.0, 1839.0)	(21.0, 5127.0)	(22.0, 10870.0)	(23.0, 20158.0)	(24.0, 30059.0)	(25.0, 40170.0)	(26.0, 49967.0)	(27.0, 63841.0)	(28.0, 82363.0)	(29.0, 114322.0)	(30.0, 154230.0)	(31.0, 219491.0)	(32.0, 307872.0)	(33.0, 453932.0)	(34.0, 708934.0)	(35.0, 1677901.0)	(36.0, 4516171.0)	(37.0, 239542.0)
SRR20079541_2	(2.0, 12202.0)	(3.0, 0.0)	(4.0, 0.0)	(5.0, 0.0)	(6.0, 0.0)	(7.0, 0.0)	(8.0, 0.0)	(9.0, 0.0)	(10.0, 0.0)	(11.0, 0.0)	(12.0, 22.0)	(13.0, 149.0)	(14.0, 834.0)	(15.0, 3436.0)	(16.0, 7069.0)	(17.0, 10471.0)	(18.0, 13138.0)	(19.0, 18254.0)	(20.0, 26892.0)	(21.0, 39780.0)	(22.0, 51493.0)	(23.0, 63013.0)	(24.0, 69483.0)	(25.0, 78537.0)	(26.0, 89637.0)	(27.0, 110763.0)	(28.0, 135610.0)	(29.0, 173560.0)	(30.0, 221571.0)	(31.0, 297086.0)	(32.0, 405309.0)	(33.0, 619506.0)	(34.0, 1064781.0)	(35.0, 2303619.0)	(36.0, 3175650.0)	(37.0, 117642.0)
SRR20079542_1	(2.0, 7586227.0)	(3.0, 0.0)	(4.0, 0.0)	(5.0, 0.0)	(6.0, 0.0)	(7.0, 0.0)	(8.0, 0.0)	(9.0, 0.0)	(10.0, 0.0)	(11.0, 0.0)	(12.0, 0.0)	(13.0, 0.0)	(14.0, 5.0)	(15.0, 95.0)	(16.0, 512.0)	(17.0, 1703.0)	(18.0, 3877.0)	(19.0, 8000.0)	(20.0, 15534.0)	(21.0, 32648.0)	(22.0, 68474.0)	(23.0, 140465.0)	(24.0, 246522.0)	(25.0, 381348.0)	(26.0, 508244.0)	(27.0, 651997.0)	(28.0, 817701.0)	(29.0, 1073321.0)	(30.0, 1375901.0)	(31.0, 1790932.0)	(32.0, 2240984.0)	(33.0, 2952320.0)	(34.0, 4123190.0)	(35.0, 7679374.0)	(36.0, 44943819.0)	(37.0, 19662510.0)
SRR20079542_2	(2.0, 46677.0)	(3.0, 0.0)	(4.0, 0.0)	(5.0, 0.0)	(6.0, 0.0)	(7.0, 0.0)	(8.0, 0.0)	(9.0, 0.0)	(10.0, 0.0)	(11.0, 43.0)	(12.0, 791.0)	(13.0, 11378.0)	(14.0, 55411.0)	(15.0, 135936.0)	(16.0, 190056.0)	(17.0, 221837.0)	(18.0, 245521.0)	(19.0, 302676.0)	(20.0, 391243.0)	(21.0, 538029.0)	(22.0, 699583.0)	(23.0, 865749.0)	(24.0, 963959.0)	(25.0, 1055059.0)	(26.0, 1131220.0)	(27.0, 1308544.0)	(28.0, 1531258.0)	(29.0, 1894844.0)	(30.0, 2331339.0)	(31.0, 3034650.0)	(32.0, 3950768.0)	(33.0, 5615096.0)	(34.0, 8418522.0)	(35.0, 15239386.0)	(36.0, 38859830.0)	(37.0, 7266298.0)
SRR20079543_1	(2.0, 732349.0)	(3.0, 0.0)	(4.0, 0.0)	(5.0, 0.0)	(6.0, 0.0)	(7.0, 0.0)	(8.0, 0.0)	(9.0, 0.0)	(10.0, 0.0)	(11.0, 0.0)	(12.0, 0.0)	(13.0, 0.0)	(14.0, 0.0)	(15.0, 0.0)	(16.0, 1.0)	(17.0, 23.0)	(18.0, 83.0)	(19.0, 297.0)	(20.0, 834.0)	(21.0, 2164.0)	(22.0, 5135.0)	(23.0, 10467.0)	(24.0, 16342.0)	(25.0, 22920.0)	(26.0, 29962.0)	(27.0, 40549.0)	(28.0, 55077.0)	(29.0, 80127.0)	(30.0, 114470.0)	(31.0, 168606.0)	(32.0, 241190.0)	(33.0, 360531.0)	(34.0, 559493.0)	(35.0, 1275876.0)	(36.0, 3750483.0)	(37.0, 224415.0)
SRR20079543_2	(2.0, 6515.0)	(3.0, 0.0)	(4.0, 0.0)	(5.0, 0.0)	(6.0, 0.0)	(7.0, 0.0)	(8.0, 0.0)	(9.0, 0.0)	(10.0, 0.0)	(11.0, 1.0)	(12.0, 22.0)	(13.0, 189.0)	(14.0, 1340.0)	(15.0, 5313.0)	(16.0, 10316.0)	(17.0, 12962.0)	(18.0, 14268.0)	(19.0, 16816.0)	(20.0, 20638.0)	(21.0, 27859.0)	(22.0, 35476.0)	(23.0, 43915.0)	(24.0, 51907.0)	(25.0, 60885.0)	(26.0, 73035.0)	(27.0, 93337.0)	(28.0, 117366.0)	(29.0, 153582.0)	(30.0, 197822.0)	(31.0, 271441.0)	(32.0, 369706.0)	(33.0, 556239.0)	(34.0, 910700.0)	(35.0, 1894212.0)	(36.0, 2652298.0)	(37.0, 93234.0)
